


Discriminant of quadratic order and factorisation :
221 	 [13, 1; 17, 1] 

Class group : structure, generators, unit :
[2, [2], [Qfb(5, 9, -7)], 2.70357583093140] 	 unit =  7 + w 	 norm unit =  1 

List and structure of elments in class group :
[((0,), Qfb(1, 13, -13)), ((1,), Qfb(5, 9, -7))] 

Group element : Sturm CF expansion a0-1/(a1-1/(...)):
(0,) [1, 15, 15, 15, 15, 15, 15, 15, 15, 15, 15, 15, 15, 15, 15, 15]
(1,) [0, -3, -2, 2, -3, -2, 2, -3, -2, 2, -3, -2, 2, -3, -2, 2]



Discriminant of quadratic order and factorisation :
1517 	 [37, 1; 41, 1] 

Class group : structure, generators, unit :
[2, [2], [Qfb(13, 29, -13)], 3.66290353459997] 	 unit =  19 + w 	 norm unit =  1 

List and structure of elments in class group :
[((0,), Qfb(1, 37, -37)), ((1,), Qfb(13, 29, -13))] 

Group element : Sturm CF expansion a0-1/(a1-1/(...)):
(0,) [1, 39, 39, 39, 39, 39, 39, 39, 39, 39, 39, 39, 39, 39, 39, 39]
(1,) [0, -3, -3, -2, 2, -3, -3, -2, 2, -3, -3, -2, 2, -3, -3, -2]



Discriminant of quadratic order and factorisation :
71285 	 [5, 1; 53, 1; 269, 1] 

Class group : structure, generators, unit :
[16, [8, 2], [Qfb(31, 213, -209), Qfb(23, 243, -133)], 5.58723463069553] 	 unit =  133 + w 	 norm unit =  1 

List and structure of elments in class group :
[((0, 0), Qfb(1, 265, -265)), ((0, 1), Qfb(23, 243, -133)), ((1, 0), Qfb(35, 215, -179)), ((1, 1), Qfb(-17, 257, 77)), ((2, 0), Qfb(-119, 219, 49)), ((2, 1), Qfb(-67, 209, 103)), ((3, 0), Qfb(-101, 123, 139)), ((3, 1), Qfb(7, 261, -113)), ((4, 0), Qfb(-89, 199, 89)), ((4, 1), Qfb(-53, 265, 5)), ((5, 0), Qfb(101, 79, -161)), ((5, 1), Qfb(77, 191, -113)), ((6, 0), Qfb(119, 257, -11)), ((6, 1), Qfb(-67, 193, 127)), ((7, 0), Qfb(-31, 221, 181)), ((7, 1), Qfb(107, 175, -95))] 

Group element : Sturm CF expansion a0-1/(a1-1/(...)):
(0, 0) [1, 267, 267, 267, 267, 267, 267, 267, 267, 267, 267, 267, 267, 267, 267, 267]
(0, 1) [1, 2, -11, 12, 2, -11, 12, 2, -11, 12, 2, -11, 12, 2, -11, 12]
(1, 0) [1, 4, 9, 8, 4, 9, 8, 4, 9, 8, 4, 9, 8, 4, 9, 8]
(1, 1) [0, 3, -2, 2, -15, 3, -2, 2, -15, 3, -2, 2, -15, 3, -2, 2]
(2, 0) [0, 5, 24, -2, 5, 24, -2, 5, 24, -2, 5, 24, -2, 5, 24, -2]
(2, 1) [0, 2, -3, 5, 2, -3, 2, -3, 5, 2, -3, 2, -3, 5, 2, -3]
(3, 0) [-1, -3, 2, -14, -3, -3, 2, -14, -3, -3, 2, -14, -3, -3, 2, -14]
(3, 1) [0, -2, 3, 38, -2, 3, 38, -2, 3, 38, -2, 3, 38, -2, 3, 38]
(4, 0) [0, 3, 3, 3, 3, 2, -2, 3, 3, 3, 3, 2, -2, 3, 3, 3]
(4, 1) [0, 53, -5, 53, -5, 53, -5, 53, -5, 53, -5, 53, -5, 53, -5, 53]
(5, 0) [1, 14, -2, 3, 3, 14, -2, 3, 3, 14, -2, 3, 3, 14, -2, 3]
(5, 1) [0, -2, 38, 3, -2, 38, 3, -2, 38, 3, -2, 38, 3, -2, 38, 3]
(6, 0) [0, -24, -5, 2, -24, -5, 2, -24, -5, 2, -24, -5, 2, -24, -5, 2]
(6, 1) [-1, -2, 4, -3, 2, -4, -2, 4, -3, 2, -4, -2, 4, -3, 2, -4]
(7, 0) [-1, -4, -8, -9, -4, -8, -9, -4, -8, -9, -4, -8, -9, -4, -8, -9]
(7, 1) [0, -2, 3, -15, 2, -2, 3, -15, 2, -2, 3, -15, 2, -2, 3, -15]



Discriminant of quadratic order and factorisation :
488597 	 [17, 1; 41, 1; 701, 1] 

Class group : structure, generators, unit :
[24, [12, 2], [Qfb(161, 677, -47), Qfb(41, 697, -17)], 6.54964869556778] 	 unit =  349 + w 	 norm unit =  1 

List and structure of elments in class group :
[((0, 0), Qfb(1, 697, -697)), ((0, 1), Qfb(41, 697, -17)), ((1, 0), Qfb(-241, 291, 419)), ((1, 1), Qfb(-47, 677, 161)), ((2, 0), Qfb(119, 663, -103)), ((2, 1), Qfb(-7, 691, 397)), ((3, 0), Qfb(-61, 639, 329)), ((3, 1), Qfb(-149, 465, 457)), ((4, 0), Qfb(49, 607, -613)), ((4, 1), Qfb(167, 685, -29)), ((5, 0), Qfb(-269, 299, 371)), ((5, 1), Qfb(-281, 655, 53)), ((6, 0), Qfb(203, 649, -83)), ((6, 1), Qfb(233, 521, -233)), ((7, 0), Qfb(107, 507, -541)), ((7, 1), Qfb(-53, 655, 281)), ((8, 0), Qfb(223, 671, -43)), ((8, 1), Qfb(-167, 651, 97)), ((9, 0), Qfb(23, 677, -329)), ((9, 1), Qfb(157, 449, -457)), ((10, 0), Qfb(-119, 527, 443)), ((10, 1), Qfb(-199, 499, 301)), ((11, 0), Qfb(-37, 659, 367)), ((11, 1), Qfb(47, 639, -427))] 

Group element : Sturm CF expansion a0-1/(a1-1/(...)):
(0, 0) [1, 699, 699, 699, 699, 699, 699, 699, 699, 699, 699, 699, 699, 699, 699, 699]
(0, 1) [1, 3, -3, -3, -3, -3, -3, -2, 2, -3, -3, -3, -3, -3, -2, 2]
(1, 0) [1, 3, 7, 10, 4, 3, 7, 10, 4, 3, 7, 10, 4, 3, 7, 10]
(1, 1) [0, 4, 3, 15, -4, 4, 3, 15, -4, 4, 3, 15, -4, 4, 3, 15]
(2, 0) [0, 7, 3, 2, -3, -6, 7, 3, 2, -3, -6, 7, 3, 2, -3, -6]
(2, 1) [0, 4, -7, -24, 4, -7, -24, 4, -7, -24, 4, -7, -24, 4, -7, -24]
(3, 0) [0, 2, -11, -30, 2, -11, -30, 2, -11, -30, 2, -11, -30, 2, -11, -30]
(3, 1) [-1, -11, -5, -5, -3, -11, -5, -5, -3, -11, -5, -5, -3, -11, -5, -5]
(4, 0) [1, 16, -3, 14, 16, -3, 14, 16, -3, 14, 16, -3, 14, 16, -3, 14]
(4, 1) [0, -4, -2, 99, -4, -2, 99, -4, -2, 99, -4, -2, 99, -4, -2, 99]
(5, 0) [1, 3, -19, -2, 6, 3, -19, -2, 6, 3, -19, -2, 6, 3, -19, -2]
(5, 1) [-1, -4, 2, -2, 2, -13, -4, 2, -2, 2, -13, -4, 2, -2, 2, -13]
(6, 0) [0, 8, -8, 3, -3, 8, -8, 3, -3, 8, -8, 3, -3, 8, -8, 3]
(6, 1) [0, 17, -41, 17, -41, 17, -41, 17, -41, 17, -41, 17, -41, 17, -41, 17]
(7, 0) [0, -3, -7, -2, 18, -3, -7, -2, 18, -3, -7, -2, 18, -3, -7, -2]
(7, 1) [-1, -13, 2, -2, 2, -4, -13, 2, -2, 2, -4, -13, 2, -2, 2, -4]
(8, 0) [0, -16, -14, 3, -16, -14, 3, -16, -14, 3, -16, -14, 3, -16, -14, 3]
(8, 1) [1, 2, -3, 100, 2, -3, 100, 2, -3, 100, 2, -3, 100, 2, -3, 100]
(9, 0) [0, 30, 11, -2, 30, 11, -2, 30, 11, -2, 30, 11, -2, 30, 11, -2]
(9, 1) [-1, -3, -5, -5, -11, -3, -5, -5, -11, -3, -5, -5, -11, -3, -5, -5]
(10, 0) [1, 3, 2, -6, 6, 4, 3, 2, -6, 6, 4, 3, 2, -6, 6, 4]
(10, 1) [-1, -7, 4, -24, -7, 4, -24, -7, 4, -24, -7, 4, -24, -7, 4, -24]
(11, 0) [-1, -3, -4, -10, -7, -3, -4, -10, -7, -3, -4, -10, -7, -3, -4, -10]
(11, 1) [0, 3, -4, 15, 3, 4, -4, 15, 3, 4, -4, 15, 3, 4, -4, 15]



Discriminant of quadratic order and factorisation :
22953677 	 [4789, 1; 4793, 1] 

Class group : structure, generators, unit :
[78, [78], [Qfb(1007, 4437, -811)], 8.47449439331712] 	 unit =  2395 + w 	 norm unit =  1 

List and structure of elments in class group :
[((0,), Qfb(1, 4789, -4789)), ((1,), Qfb(61, 4787, -157)), ((2,), Qfb(-229, 4739, 541)), ((3,), Qfb(-1667, 1535, 3089)), ((4,), Qfb(-109, 4659, 2861)), ((5,), Qfb(853, 4601, -523)), ((6,), Qfb(4283, 4471, -173)), ((7,), Qfb(-293, 4737, 439)), ((8,), Qfb(-269, 4265, 4427)), ((9,), Qfb(-769, 3735, 2927)), ((10,), Qfb(3323, 4217, -389)), ((11,), Qfb(2173, 1257, -2459)), ((12,), Qfb(283, 4393, -3229)), ((13,), Qfb(-2501, 4729, 59)), ((14,), Qfb(-1171, 4557, 467)), ((15,), Qfb(1949, 2039, -2411)), ((16,), Qfb(-193, 4735, 691)), ((17,), Qfb(977, 3455, -2819)), ((18,), Qfb(-1277, 2909, 2837)), ((19,), Qfb(-421, 3995, 4153)), ((20,), Qfb(-1231, 2711, 3169)), ((21,), Qfb(-1901, 1559, 2699)), ((22,), Qfb(779, 4455, -997)), ((23,), Qfb(2423, 4313, -449)), ((24,), Qfb(1867, 2013, -2531)), ((25,), Qfb(-53, 4755, 1621)), ((26,), Qfb(1489, 1923, -3233)), ((27,), Qfb(-461, 4445, 1733)), ((28,), Qfb(-2473, 2431, 1723)), ((29,), Qfb(-491, 4389, 1879)), ((30,), Qfb(-821, 3487, 3287)), ((31,), Qfb(-1103, 3101, 3023)), ((32,), Qfb(2071, 2099, -2239)), ((33,), Qfb(-401, 4405, 2213)), ((34,), Qfb(-613, 3851, 3313)), ((35,), Qfb(-1159, 4607, 373)), ((36,), Qfb(-19, 4759, 4021)), ((37,), Qfb(-1159, 3201, 2741)), ((38,), Qfb(-1297, 4571, 397)), ((39,), Qfb(1597, 3571, -1597)), ((40,), Qfb(-2437, 1663, 2071)), ((41,), Qfb(1159, 3753, -1913)), ((42,), Qfb(-1511, 4287, 757)), ((43,), Qfb(-257, 4587, 1861)), ((44,), Qfb(-233, 4589, 2033)), ((45,), Qfb(401, 4417, -2147)), ((46,), Qfb(-139, 4555, 3967)), ((47,), Qfb(1103, 3517, -2399)), ((48,), Qfb(701, 3679, -3359)), ((49,), Qfb(-1609, 1987, 2953)), ((50,), Qfb(779, 3581, -3251)), ((51,), Qfb(-83, 4687, 2969)), ((52,), Qfb(-3481, 4257, 347)), ((53,), Qfb(53, 4785, -271)), ((54,), Qfb(2677, 3633, -911)), ((55,), Qfb(2339, 4145, -617)), ((56,), Qfb(-779, 3335, 3797)), ((57,), Qfb(-151, 4685, 1663)), ((58,), Qfb(-223, 4691, 1063)), ((59,), Qfb(-2003, 3587, 1259)), ((60,), Qfb(-71, 4761, 1009)), ((61,), Qfb(1007, 3695, -2309)), ((62,), Qfb(-691, 4735, 193)), ((63,), Qfb(-1949, 1859, 2501)), ((64,), Qfb(41, 4783, -467)), ((65,), Qfb(487, 4465, -1549)), ((66,), Qfb(1069, 3889, -1831)), ((67,), Qfb(-2179, 1275, 2447)), ((68,), Qfb(-3049, 3395, 937)), ((69,), Qfb(769, 3955, -2377)), ((70,), Qfb(809, 3209, -3911)), ((71,), Qfb(293, 4639, -1223)), ((72,), Qfb(361, 4569, -1439)), ((73,), Qfb(-853, 3929, 2203)), ((74,), Qfb(-1657, 1913, 2911)), ((75,), Qfb(509, 4029, -3301)), ((76,), Qfb(929, 4411, -941)), ((77,), Qfb(-2371, 4633, 157))] 

Group element : Sturm CF expansion a0-1/(a1-1/(...)):
(0,) [1, 4791, 4791, 4791, 4791, 4791, 4791, 4791, 4791, 4791, 4791, 4791, 4791, 4791, 4791, 4791]
(1,) [1, 4, -4, -3, -4, -4, -2, 4, 4, -4, -3, -4, -4, -2, 4, 4]
(2,) [1, 3, -9, -7, 25, 3, -9, -7, 25, 3, -9, -7, 25, 3, -9, -7]
(3,) [0, -2, 2, -28, 4, 3, 3, -2, 2, -28, 4, 3, 3, -2, 2, -28]
(4,) [1, 35, 7, 3, 3, 3, 35, 7, 3, 3, 3, 35, 7, 3, 3, 3]
(5,) [-1, -2, 30, -79, -2, 30, -79, -2, 30, -79, -2, 30, -79, -2, 30, -79]
(6,) [0, -6, -5, -7, 24, -6, -5, -7, 24, -6, -5, -7, 24, -6, -5, -7]
(7,) [1, 6, -6, 3, 5, -5, -2, 5, -6, 3, 5, -5, -2, 5, -6, 3]
(8,) [0, -10, 117, 4, -10, 117, 4, -10, 117, 4, -10, 117, 4, -10, 117, 4]
(9,) [1, 13, -2, 11, -2, 7, 13, -2, 11, -2, 7, 13, -2, 11, -2, 7]
(10,) [0, -21, -5, 5, 9, -21, -5, 5, 9, -21, -5, 5, 9, -21, -5, 5]
(11,) [-1, -8, -3, 9, -2, 2, -4, -8, -3, 9, -2, 2, -4, -8, -3, 9]
(12,) [1, 4, 4, -67, 5, 4, 4, -67, 5, 4, 4, -67, 5, 4, 4, -67]
(13,) [1, 3, -10, -2, 81, 3, -10, -2, 81, 3, -10, -2, 81, 3, -10, -2]
(14,) [0, -7, 20, -2, 3, -4, -8, 20, -2, 3, -4, -8, 20, -2, 3, -4]
(15,) [1, 10, 4, 43, 3, 10, 4, 43, 3, 10, 4, 43, 3, 10, 4, 43]
(16,) [0, 3, 3, -10, 2, -4, -6, 3, 3, -10, 2, -4, -6, 3, 3, -10]
(17,) [0, 2, -3, 3, -18, -11, 2, -3, 3, -18, -11, 2, -3, 3, -18, -11]
(18,) [-1, -3, 3, 3, -2, 4, -17, -3, 3, 3, -2, 4, -17, -3, 3, 3]
(19,) [0, 3, 2, -12, 4, -18, 3, 2, -12, 4, -18, 3, 2, -12, 4, -18]
(20,) [1, 8, 3, 2, -43, 3, 8, 3, 2, -43, 3, 8, 3, 2, -43, 3]
(21,) [0, 10, -3, -3, -58, 10, -3, -3, -58, 10, -3, -3, -58, 10, -3, -3]
(22,) [0, -2, 6, 4, -21, 4, -2, 6, 4, -21, 4, -2, 6, 4, -21, 4]
(23,) [0, -3, -6, 5, 2, -3, -2, 4, -3, -6, 5, 2, -3, -2, 4, -3]
(24,) [0, -6, -252, 3, -6, -252, 3, -6, -252, 3, -6, -252, 3, -6, -252, 3]
(25,) [1, 9, -6, -2, 47, 9, -6, -2, 47, 9, -6, -2, 47, 9, -6, -2]
(26,) [-1, -4, 3, 27, -14, -4, 3, 27, -14, -4, 3, 27, -14, -4, 3, 27]
(27,) [-1, -7, -3, -3, 31, -3, -7, -3, -3, 31, -3, -7, -3, -3, 31, -3]
(28,) [-1, -3, 5, 4, 13, 2, -3, -3, 5, 4, 13, 2, -3, -3, 5, 4]
(29,) [0, -3, 2, -5, 3, 4, -2, 4, -3, 2, -5, 3, 4, -2, 4, -3]
(30,) [0, 3, -4, -28, -13, 3, -4, -28, -13, 3, -4, -28, -13, 3, -4, -28]
(31,) [0, -3, -18, 90, -3, -18, 90, -3, -18, 90, -3, -18, 90, -3, -18, 90]
(32,) [-1, -15, 4, 3, 5, -6, -15, 4, 3, 5, -6, -15, 4, 3, 5, -6]
(33,) [-1, -3, 5, -4, 6, 2, -6, -3, 5, -4, 6, 2, -6, -3, 5, -4]
(34,) [0, 4, 5, 12, -4, -3, -2, 4, 5, 12, -4, -3, -2, 4, 5, 12]
(35,) [-1, -7, -11, 16, -4, -7, -11, 16, -4, -7, -11, 16, -4, -7, -11, 16]
(36,) [1, 11, 3, 3, 6, 3, 4, 11, 3, 3, 6, 3, 4, 11, 3, 3]
(37,) [0, -4, 7, -11, -2, 7, -4, 7, -11, -2, 7, -4, 7, -11, -2, 7]
(38,) [1, 6, 18, 45, 6, 18, 45, 6, 18, 45, 6, 18, 45, 6, 18, 45]
(39,) [-1, -3, -3, -3, -2, 2, -3, -3, -3, -3, -3, -3, -3, -2, 2, -3]
(40,) [-1, -18, -6, -45, -18, -6, -45, -18, -6, -45, -18, -6, -45, -18, -6, -45]
(41,) [0, -8, -2, 10, -7, 4, -8, -2, 10, -7, 4, -8, -2, 10, -7, 4]
(42,) [-1, -3, -6, -3, -3, -11, -4, -3, -6, -3, -3, -11, -4, -3, -6, -3]
(43,) [0, -16, 11, 7, 4, -16, 11, 7, 4, -16, 11, 7, 4, -16, 11, 7]
(44,) [-1, -3, -2, 3, -12, -5, -5, -3, -2, 3, -12, -5, -5, -3, -2, 3]
(45,) [0, -5, 3, 7, 2, -5, 4, -5, 3, 7, 2, -5, 4, -5, 3, 7]
(46,) [1, 6, -5, -3, -4, 15, 6, -5, -3, -4, 15, 6, -5, -3, -4, 15]
(47,) [1, 3, -90, 18, 3, -90, 18, 3, -90, 18, 3, -90, 18, 3, -90, 18]
(48,) [1, 28, 4, -3, 13, 28, 4, -3, 13, 28, 4, -3, 13, 28, 4, -3]
(49,) [0, 5, -2, 3, -4, 2, -4, -3, 5, -2, 3, -4, 2, -4, -3, 5]
(50,) [0, 3, 4, 2, -12, -4, -5, 3, 4, 2, -12, -4, -5, 3, 4, 2]
(51,) [1, 3, -31, 3, 3, 7, 3, -31, 3, 3, 7, 3, -31, 3, 3, 7]
(52,) [0, -27, -3, 4, 14, -27, -3, 4, 14, -27, -3, 4, 14, -27, -3, 4]
(53,) [0, -9, -48, -2, 5, -9, -48, -2, 5, -9, -48, -2, 5, -9, -48, -2]
(54,) [0, -3, 252, 6, -3, 252, 6, -3, 252, 6, -3, 252, 6, -3, 252, 6]
(55,) [1, 3, -5, -2, 3, 2, -4, 6, 3, -5, -2, 3, 2, -4, 6, 3]
(56,) [0, -4, 21, -4, -6, 2, -4, 21, -4, -6, 2, -4, 21, -4, -6, 2]
(57,) [0, 2, -10, 58, 3, 3, -10, 58, 3, 3, -10, 58, 3, 3, -10, 58]
(58,) [0, -2, 44, 3, 2, -7, -3, 44, 3, 2, -7, -3, 44, 3, 2, -7]
(59,) [0, -4, 13, 2, -2, 18, -4, 13, 2, -2, 18, -4, 13, 2, -2, 18]
(60,) [1, 17, -4, 2, -3, -3, 3, 17, -4, 2, -3, -3, 3, 17, -4, 2]
(61,) [0, -3, 3, -2, 11, 18, -3, 3, -2, 11, 18, -3, 3, -2, 11, 18]
(62,) [1, 4, -2, 10, -3, -3, 6, 4, -2, 10, -3, -3, 6, 4, -2, 10]
(63,) [-1, -4, -10, -3, -43, -4, -10, -3, -43, -4, -10, -3, -43, -4, -10, -3]
(64,) [1, 4, -3, 2, -20, 8, 4, -3, 2, -20, 8, 4, -3, 2, -20, 8]
(65,) [-1, -82, -2, 9, -3, -82, -2, 9, -3, -82, -2, 9, -3, -82, -2, 9]
(66,) [0, -3, -5, 67, -4, -4, -5, 67, -4, -4, -5, 67, -4, -4, -5, 67]
(67,) [0, -2, 2, -9, 3, 8, 4, -2, 2, -9, 3, 8, 4, -2, 2, -9]
(68,) [-1, -5, 5, 21, -9, -5, 5, 21, -9, -5, 5, 21, -9, -5, 5, 21]
(69,) [-1, -7, 2, -11, 2, -13, -7, 2, -11, 2, -13, -7, 2, -11, 2, -13]
(70,) [-1, -117, 10, -4, -117, 10, -4, -117, 10, -4, -117, 10, -4, -117, 10, -4]
(71,) [-1, -2, 4, -5, -3, 6, -6, -2, 4, -5, -3, 6, -6, -2, 4, -5]
(72,) [0, 7, 5, 6, -24, 7, 5, 6, -24, 7, 5, 6, -24, 7, 5, 6]
(73,) [1, 79, -31, -2, 78, -31, -2, 78, -31, -2, 78, -31, -2, 78, -31, -2]
(74,) [1, 3, 3, 2, -6, -35, -3, -3, -3, -7, -35, -3, -3, -3, -7, -35]
(75,) [0, -3, -3, -4, 28, -2, 2, -3, -3, -4, 28, -2, 2, -3, -3, -4]
(76,) [0, -24, 7, 9, -3, -25, 7, 9, -3, -25, 7, 9, -3, -25, 7, 9]
(77,) [1, 4, -4, -5, -2, 3, 4, 3, 4, -4, -5, -2, 3, 4, 3, 4]



Discriminant of quadratic order and factorisation :
157326845 	 [5, 1; 13, 1; 193, 1; 12541, 1] 

Class group : structure, generators, unit :
[456, [114, 2, 2], [Qfb(113, 12513, -1663), Qfb(65, 12415, -12287), Qfb(4123, 7723, -5923)], 9.43691801366848] 	 unit =  6271 + w 	 norm unit =  1 

List and structure of elments in class group :
[((0, 0, 0), Qfb(1, 12541, -12541)), ((0, 0, 1), Qfb(13, 12519, -11567)), ((0, 1, 0), Qfb(5401, 4935, -6155)), ((0, 1, 1), Qfb(-4877, 8769, 4123)), ((1, 0, 0), Qfb(-2107, 12507, 107)), ((1, 0, 1), Qfb(-1199, 12195, 1795)), ((1, 1, 0), Qfb(-1157, 10491, 10213)), ((1, 1, 1), Qfb(-89, 12449, 6599)), ((2, 0, 0), Qfb(-781, 11433, 8519)), ((2, 0, 1), Qfb(-653, 12253, 2753)), ((2, 1, 0), Qfb(1019, 12055, -2945)), ((2, 1, 1), Qfb(-3385, 9465, 5003)), ((3, 0, 0), Qfb(-2315, 9095, 8057)), ((3, 0, 1), Qfb(569, 11701, -8969)), ((3, 1, 0), Qfb(-3113, 11983, 1103)), ((3, 1, 1), Qfb(695, 12255, -2569)), ((4, 0, 0), Qfb(-1001, 12129, 2551)), ((4, 0, 1), Qfb(-77, 12437, 8597)), ((4, 1, 0), Qfb(-1709, 12185, 1295)), ((4, 1, 1), Qfb(-2113, 10125, 6485)), ((5, 0, 0), Qfb(3097, 11505, -2015)), ((5, 0, 1), Qfb(4351, 12435, -155)), ((5, 1, 0), Qfb(1867, 11523, -3287)), ((5, 1, 1), Qfb(905, 11045, -9761)), ((6, 0, 0), Qfb(6881, 11657, -779)), ((6, 0, 1), Qfb(-757, 12289, 2083)), ((6, 1, 0), Qfb(-1289, 10879, 7559)), ((6, 1, 1), Qfb(-2585, 11675, 2033)), ((7, 0, 0), Qfb(3293, 10335, -3835)), ((7, 0, 1), Qfb(-295, 12085, 9559)), ((7, 1, 0), Qfb(-1267, 10313, 10057)), ((7, 1, 1), Qfb(19, 12531, -3959)), ((8, 0, 0), Qfb(1745, 9515, -9569)), ((8, 0, 1), Qfb(113, 12513, -1663)), ((8, 1, 0), Qfb(-481, 12259, 3661)), ((8, 1, 1), Qfb(-37, 12481, 10483)), ((9, 0, 0), Qfb(-3097, 11315, 2365)), ((9, 0, 1), Qfb(649, 12459, -809)), ((9, 1, 0), Qfb(3157, 7121, -8443)), ((9, 1, 1), Qfb(1045, 11865, -3959)), ((10, 0, 0), Qfb(3331, 8755, -6055)), ((10, 0, 1), Qfb(-883, 12035, 3535)), ((10, 1, 0), Qfb(-2659, 11825, 1645)), ((10, 1, 1), Qfb(6407, 3403, -5687)), ((11, 0, 0), Qfb(-2497, 11499, 2513)), ((11, 0, 1), Qfb(341, 12063, -8659)), ((11, 1, 0), Qfb(-1463, 10897, 6593)), ((11, 1, 1), Qfb(-4661, 7503, 5419)), ((12, 0, 0), Qfb(3649, 9089, -5119)), ((12, 0, 1), Qfb(35, 12525, -3223)), ((12, 1, 0), Qfb(229, 12435, -2945)), ((12, 1, 1), Qfb(-4015, 10465, 2977)), ((13, 0, 0), Qfb(-4177, 8209, 5383)), ((13, 0, 1), Qfb(-2201, 12001, 1511)), ((13, 1, 0), Qfb(-3115, 6575, 9157)), ((13, 1, 1), Qfb(-2449, 7661, 10069)), ((14, 0, 0), Qfb(5759, 12207, -361)), ((14, 0, 1), Qfb(443, 12207, -4693)), ((14, 1, 0), Qfb(-4739, 6757, 5891)), ((14, 1, 1), Qfb(-4193, 9063, 4483)), ((15, 0, 0), Qfb(-6743, 11543, 893)), ((15, 0, 1), Qfb(545, 11785, -8459)), ((15, 1, 0), Qfb(973, 11699, -5257)), ((15, 1, 1), Qfb(-1919, 11599, 2969)), ((16, 0, 0), Qfb(2051, 12087, -1369)), ((16, 0, 1), Qfb(1117, 12159, -2123)), ((16, 1, 0), Qfb(-4181, 10705, 2555)), ((16, 1, 1), Qfb(557, 11589, -10333)), ((17, 0, 0), Qfb(1733, 10795, -5885)), ((17, 0, 1), Qfb(-3949, 12217, 511)), ((17, 1, 0), Qfb(-4687, 7617, 5297)), ((17, 1, 1), Qfb(-1591, 9497, 10549)), ((18, 0, 0), Qfb(389, 11787, -11821)), ((18, 0, 1), Qfb(-2837, 9997, 5057)), ((18, 1, 0), Qfb(-2179, 12405, 395)), ((18, 1, 1), Qfb(3167, 6615, -8965)), ((19, 0, 0), Qfb(5093, 8169, -4447)), ((19, 0, 1), Qfb(4291, 9091, -4351)), ((19, 1, 0), Qfb(-827, 12355, 1415)), ((19, 1, 1), Qfb(3271, 9723, -4799)), ((20, 0, 0), Qfb(3559, 10451, -3379)), ((20, 0, 1), Qfb(-5807, 10029, 2443)), ((20, 1, 0), Qfb(-1295, 10705, 8249)), ((20, 1, 1), Qfb(1747, 9563, -9427)), ((21, 0, 0), Qfb(-4183, 11581, 1387)), ((21, 0, 1), Qfb(1291, 10625, -8605)), ((21, 1, 0), Qfb(-4493, 6525, 6385)), ((21, 1, 1), Qfb(8989, 6953, -3031)), ((22, 0, 0), Qfb(101, 12407, -8399)), ((22, 0, 1), Qfb(-7315, 7495, 3457)), ((22, 1, 0), Qfb(-4951, 7753, 4909)), ((22, 1, 1), Qfb(47, 12521, -2933)), ((23, 0, 0), Qfb(5243, 5231, -6197)), ((23, 0, 1), Qfb(-2201, 12427, 329)), ((23, 1, 0), Qfb(2693, 8701, -7577)), ((23, 1, 1), Qfb(5029, 11675, -1045)), ((24, 0, 0), Qfb(6145, 7935, -3839)), ((24, 0, 1), Qfb(-433, 12149, 5617)), ((24, 1, 0), Qfb(1255, 10745, -8341)), ((24, 1, 1), Qfb(-1697, 10219, 7793)), ((25, 0, 0), Qfb(-6127, 8463, 3497)), ((25, 0, 1), Qfb(269, 12519, -559)), ((25, 1, 0), Qfb(-1435, 10565, 7963)), ((25, 1, 1), Qfb(7391, 9453, -2299)), ((26, 0, 0), Qfb(-5789, 9147, 3181)), ((26, 0, 1), Qfb(503, 12491, -647)), ((26, 1, 0), Qfb(-2995, 7865, 7969)), ((26, 1, 1), Qfb(613, 11751, -7847)), ((27, 0, 0), Qfb(5513, 7277, -4733)), ((27, 0, 1), Qfb(-719, 11659, 7439)), ((27, 1, 0), Qfb(-4873, 9057, 3863)), ((27, 1, 1), Qfb(619, 11831, -7009)), ((28, 0, 0), Qfb(-1001, 10985, 9155)), ((28, 0, 1), Qfb(-77, 12525, 1465)), ((28, 1, 0), Qfb(949, 12363, -1181)), ((28, 1, 1), Qfb(73, 12509, -2917)), ((29, 0, 0), Qfb(6133, 11637, -893)), ((29, 0, 1), Qfb(-4469, 9361, 3899)), ((29, 1, 0), Qfb(-5647, 9703, 2797)), ((29, 1, 1), Qfb(3781, 6089, -7951)), ((30, 0, 0), Qfb(-751, 11699, 6811)), ((30, 0, 1), Qfb(-1457, 10885, 6665)), ((30, 1, 0), Qfb(4921, 4835, -6805)), ((30, 1, 1), Qfb(-3737, 12407, 227)), ((31, 0, 0), Qfb(-3797, 10525, 3065)), ((31, 0, 1), Qfb(-1199, 10259, 10859)), ((31, 1, 0), Qfb(-3235, 7315, 8023)), ((31, 1, 1), Qfb(-3469, 12017, 931)), ((32, 0, 0), Qfb(2909, 6781, -9569)), ((32, 0, 1), Qfb(3215, 6895, -8537)), ((32, 1, 0), Qfb(5111, 3373, -7139)), ((32, 1, 1), Qfb(-215, 12175, 10577)), ((33, 0, 0), Qfb(1603, 12297, -953)), ((33, 0, 1), Qfb(-4859, 7089, 5509)), ((33, 1, 0), Qfb(-2165, 8635, 9557)), ((33, 1, 1), Qfb(1229, 11729, -4019)), ((34, 0, 0), Qfb(959, 12423, -781)), ((34, 0, 1), Qfb(-4033, 10015, 3535)), ((34, 1, 0), Qfb(2711, 7813, -8879)), ((34, 1, 1), Qfb(5657, 11911, -683)), ((35, 0, 0), Qfb(5977, 11143, -1387)), ((35, 0, 1), Qfb(-4781, 9179, 3821)), ((35, 1, 0), Qfb(-3557, 6233, 8327)), ((35, 1, 1), Qfb(6359, 12391, -149)), ((36, 0, 0), Qfb(4411, 10773, -2339)), ((36, 0, 1), Qfb(-5567, 11353, 1277)), ((36, 1, 0), Qfb(-3499, 6471, 8249)), ((36, 1, 1), Qfb(787, 11811, -5663)), ((37, 0, 0), Qfb(-4313, 11201, 1847)), ((37, 0, 1), Qfb(-1505, 11475, 4261)), ((37, 1, 0), Qfb(1333, 11745, -3635)), ((37, 1, 1), Qfb(2189, 11821, -2009)), ((38, 0, 0), Qfb(1639, 9709, -9619)), ((38, 0, 1), Qfb(-4135, 12455, 133)), ((38, 1, 0), Qfb(-6259, 11059, 1399)), ((38, 1, 1), Qfb(1763, 11303, -4193)), ((39, 0, 0), Qfb(4085, 11315, -1793)), ((39, 0, 1), Qfb(1589, 9683, -10001)), ((39, 1, 0), Qfb(2537, 10197, -5257)), ((39, 1, 1), Qfb(71, 12423, -10549)), ((40, 0, 0), Qfb(-2695, 9445, 6319)), ((40, 0, 1), Qfb(6335, 3435, -5743)), ((40, 1, 0), Qfb(4769, 4817, -7031)), ((40, 1, 1), Qfb(-1085, 10575, 10483)), ((41, 0, 0), Qfb(-4247, 6669, 6643)), ((41, 0, 1), Qfb(511, 11727, -9689)), ((41, 1, 0), Qfb(-143, 12467, 3323)), ((41, 1, 1), Qfb(-11, 12533, 5699)), ((42, 0, 0), Qfb(-1999, 10213, 6631)), ((42, 0, 1), Qfb(-9383, 10083, 1483)), ((42, 1, 0), Qfb(-4829, 11623, 1151)), ((42, 1, 1), Qfb(-1177, 11675, 4465)), ((43, 0, 0), Qfb(-5513, 10853, 1793)), ((43, 0, 1), Qfb(-2089, 8733, 9701)), ((43, 1, 0), Qfb(1217, 11433, -5467)), ((43, 1, 1), Qfb(-1211, 10967, 7649)), ((44, 0, 0), Qfb(4501, 5609, -6991)), ((44, 0, 1), Qfb(-623, 12115, 4235)), ((44, 1, 0), Qfb(-4921, 6907, 5569)), ((44, 1, 1), Qfb(4685, 9575, -3503)), ((45, 0, 0), Qfb(-4463, 9631, 3617)), ((45, 0, 1), Qfb(-589, 12435, 1145)), ((45, 1, 0), Qfb(7, 12535, -7165)), ((45, 1, 1), Qfb(-3031, 9501, 5531)), ((46, 0, 0), Qfb(-1459, 9935, 10045)), ((46, 0, 1), Qfb(623, 11737, -7853)), ((46, 1, 0), Qfb(-4955, 11295, 1501)), ((46, 1, 1), Qfb(4543, 11279, -1657)), ((47, 0, 0), Qfb(3085, 8325, -7133)), ((47, 0, 1), Qfb(329, 12483, -1141)), ((47, 1, 0), Qfb(-4415, 5625, 7117)), ((47, 1, 1), Qfb(-1211, 11177, 6689)), ((48, 0, 0), Qfb(5045, 5835, -6109)), ((48, 0, 1), Qfb(-4865, 12255, 367)), ((48, 1, 0), Qfb(-4045, 7605, 6149)), ((48, 1, 1), Qfb(473, 12261, -3697)), ((49, 0, 0), Qfb(-2107, 8465, 10165)), ((49, 0, 1), Qfb(-3199, 11877, 1271)), ((49, 1, 0), Qfb(-1243, 11609, 4537)), ((49, 1, 1), Qfb(-4201, 12307, 349)), ((50, 0, 0), Qfb(1849, 10701, -5789)), ((50, 0, 1), Qfb(-7615, 6755, 3667)), ((50, 1, 0), Qfb(-3619, 9137, 5101)), ((50, 1, 1), Qfb(5363, 9583, -3053)), ((51, 0, 0), Qfb(-2027, 8655, 10165)), ((51, 0, 1), Qfb(6821, 7191, -3871)), ((51, 1, 0), Qfb(-3317, 11009, 2723)), ((51, 1, 1), Qfb(-3895, 5425, 8209)), ((52, 0, 0), Qfb(-2005, 11575, 2911)), ((52, 0, 1), Qfb(-3773, 11601, 1507)), ((52, 1, 0), Qfb(-3239, 6875, 8495)), ((52, 1, 1), Qfb(3577, 9151, -5143)), ((53, 0, 0), Qfb(1297, 10125, -10565)), ((53, 0, 1), Qfb(3899, 10691, -2759)), ((53, 1, 0), Qfb(-1997, 11299, 3713)), ((53, 1, 1), Qfb(791, 11835, -5455)), ((54, 0, 0), Qfb(-451, 12533, 139)), ((54, 0, 1), Qfb(1147, 11125, -7315)), ((54, 1, 0), Qfb(1801, 11879, -2251)), ((54, 1, 1), Qfb(-463, 12203, 4543)), ((55, 0, 0), Qfb(3377, 12173, -677)), ((55, 0, 1), Qfb(-589, 12055, 5095)), ((55, 1, 0), Qfb(3817, 10897, -2527)), ((55, 1, 1), Qfb(3439, 12131, -739)), ((56, 0, 0), Qfb(-445, 12115, 5929)), ((56, 0, 1), Qfb(-5785, 10335, 2183)), ((56, 1, 0), Qfb(2309, 10267, -5621)), ((56, 1, 1), Qfb(2387, 7971, -9823)), ((57, 0, 0), Qfb(-7003, 10603, 1603)), ((57, 0, 1), Qfb(1231, 12299, -1231)), ((57, 1, 0), Qfb(65, 12415, -12287)), ((57, 1, 1), Qfb(5, 12535, -10031)), ((58, 0, 0), Qfb(-4391, 7983, 5329)), ((58, 0, 1), Qfb(-2003, 11585, 2885)), ((58, 1, 0), Qfb(-5621, 10267, 2309)), ((58, 1, 1), Qfb(535, 11675, -9823)), ((59, 0, 0), Qfb(-3377, 8089, 6803)), ((59, 0, 1), Qfb(4319, 8325, -5095)), ((59, 1, 0), Qfb(-865, 12215, 2347)), ((59, 1, 1), Qfb(-739, 12131, 3439)), ((60, 0, 0), Qfb(2521, 12487, -139)), ((60, 0, 1), Qfb(7315, 11125, -1147)), ((60, 1, 0), Qfb(-2251, 11879, 1801)), ((60, 1, 1), Qfb(5687, 5339, -5663)), ((61, 0, 0), Qfb(-3367, 6981, 8063)), ((61, 0, 1), Qfb(-259, 12161, 9109)), ((61, 1, 0), Qfb(-2477, 10979, 3713)), ((61, 1, 1), Qfb(-3139, 11143, 2641)), ((62, 0, 0), Qfb(-181, 12493, 1729)), ((62, 0, 1), Qfb(-1507, 11601, 3773)), ((62, 1, 0), Qfb(-1619, 10115, 8495)), ((62, 1, 1), Qfb(-2065, 12105, 1307)), ((63, 0, 0), Qfb(-2765, 10505, 4247)), ((63, 0, 1), Qfb(3871, 7191, -6821)), ((63, 1, 0), Qfb(2485, 10155, -5453)), ((63, 1, 1), Qfb(3479, 10719, -3049)), ((64, 0, 0), Qfb(-1849, 11487, 3431)), ((64, 0, 1), Qfb(6335, 5245, -5123)), ((64, 1, 0), Qfb(5101, 9137, -3619)), ((64, 1, 1), Qfb(-4907, 6263, 6017)), ((65, 0, 0), Qfb(185, 12185, -11963)), ((65, 0, 1), Qfb(-1271, 11877, 3199)), ((65, 1, 0), Qfb(-3673, 8787, 5453)), ((65, 1, 1), Qfb(-4201, 4497, 8159)), ((66, 0, 0), Qfb(-5045, 4255, 6899)), ((66, 0, 1), Qfb(4865, 7205, -5417)), ((66, 1, 0), Qfb(-479, 11809, 9329)), ((66, 1, 1), Qfb(-2735, 9545, 6053)), ((67, 0, 0), Qfb(-4277, 5941, 7133)), ((67, 0, 1), Qfb(-329, 12521, 419)), ((67, 1, 0), Qfb(-4687, 6745, 5965)), ((67, 1, 1), Qfb(-2641, 8085, 8705)), ((68, 0, 0), Qfb(1349, 10155, -10045)), ((68, 0, 1), Qfb(-2237, 9585, 7315)), ((68, 1, 0), Qfb(-4955, 8525, 4271)), ((68, 1, 1), Qfb(-1657, 11279, 4543)), ((69, 0, 0), Qfb(4463, 8221, -5027)), ((69, 0, 1), Qfb(589, 12303, -2531)), ((69, 1, 0), Qfb(-7165, 12535, 7)), ((69, 1, 1), Qfb(-4961, 5097, 6619)), ((70, 0, 0), Qfb(205, 12205, -10201)), ((70, 0, 1), Qfb(623, 11559, -9517)), ((70, 1, 0), Qfb(749, 11461, -8669)), ((70, 1, 1), Qfb(-3037, 9983, 4747)), ((71, 0, 0), Qfb(-1793, 10853, 5513)), ((71, 0, 1), Qfb(-4291, 11751, 1121)), ((71, 1, 0), Qfb(1903, 9929, -7717)), ((71, 1, 1), Qfb(7451, 4727, -4529)), ((72, 0, 0), Qfb(-4099, 8113, 5581)), ((72, 0, 1), Qfb(-4333, 6879, 6347)), ((72, 1, 0), Qfb(-4829, 7693, 5081)), ((72, 1, 1), Qfb(-1177, 11865, 3515)), ((73, 0, 0), Qfb(-2785, 10475, 4273)), ((73, 0, 1), Qfb(9701, 7643, -2549)), ((73, 1, 0), Qfb(5585, 9925, -2633)), ((73, 1, 1), Qfb(-11, 12525, 10255)), ((74, 0, 0), Qfb(2695, 12115, -979)), ((74, 0, 1), Qfb(-6347, 3417, 5737)), ((74, 1, 0), Qfb(6011, 9371, -2891)), ((74, 1, 1), Qfb(-1085, 11125, 7733)), ((75, 0, 0), Qfb(-4085, 5025, 8083)), ((75, 0, 1), Qfb(-1589, 9385, 10895)), ((75, 1, 0), Qfb(923, 12285, -1735)), ((75, 1, 1), Qfb(71, 12427, -10199)), ((76, 0, 0), Qfb(-1639, 9959, 8869)), ((76, 0, 1), Qfb(4135, 12355, -283)), ((76, 1, 0), Qfb(6199, 10939, -1519)), ((76, 1, 1), Qfb(-2065, 9725, 7597)), ((77, 0, 0), Qfb(3367, 12259, -523)), ((77, 0, 1), Qfb(259, 12259, -6799)), ((77, 1, 0), Qfb(3853, 10065, -3635)), ((77, 1, 1), Qfb(3895, 5235, -8339)), ((78, 0, 0), Qfb(-4411, 6871, 6241)), ((78, 0, 1), Qfb(-1277, 11353, 5567)), ((78, 1, 0), Qfb(-3499, 7525, 7195)), ((78, 1, 1), Qfb(-5663, 11811, 787)), ((79, 0, 0), Qfb(-235, 12145, 10453)), ((79, 0, 1), Qfb(-3821, 9179, 4781)), ((79, 1, 0), Qfb(-3557, 7995, 6565)), ((79, 1, 1), Qfb(-6181, 12035, 505)), ((80, 0, 0), Qfb(781, 12423, -959)), ((80, 0, 1), Qfb(1043, 12045, -2935)), ((80, 1, 0), Qfb(2711, 8453, -7919)), ((80, 1, 1), Qfb(5657, 10717, -1877)), ((81, 0, 0), Qfb(-3263, 6227, 9083)), ((81, 0, 1), Qfb(-251, 12251, 7211)), ((81, 1, 0), Qfb(-2165, 8685, 9457)), ((81, 1, 1), Qfb(1229, 10393, -10031)), ((82, 0, 0), Qfb(3731, 11713, -1349)), ((82, 0, 1), Qfb(287, 12287, -5537)), ((82, 1, 0), Qfb(-5401, 3953, 6559)), ((82, 1, 1), Qfb(-215, 12335, 6017)), ((83, 0, 0), Qfb(3797, 12257, -467)), ((83, 0, 1), Qfb(599, 11459, -10859)), ((83, 1, 0), Qfb(853, 11789, -5377)), ((83, 1, 1), Qfb(931, 12017, -3469)), ((84, 0, 0), Qfb(-3095, 9355, 5639)), ((84, 0, 1), Qfb(-497, 12423, 1507)), ((84, 1, 0), Qfb(5311, 4211, -6571)), ((84, 1, 1), Qfb(227, 12407, -3737)), ((85, 0, 0), Qfb(-365, 11925, 10357)), ((85, 0, 1), Qfb(-3899, 9361, 4469)), ((85, 1, 0), Qfb(293, 12087, -9583)), ((85, 1, 1), Qfb(1831, 10987, -4999)), ((86, 0, 0), Qfb(3169, 12313, -451)), ((86, 0, 1), Qfb(2773, 9607, -5863)), ((86, 1, 0), Qfb(2221, 10217, -5959)), ((86, 1, 1), Qfb(-7363, 2269, 5167)), ((87, 0, 0), Qfb(6497, 9245, -2765)), ((87, 0, 1), Qfb(4939, 3219, -7439)), ((87, 1, 0), Qfb(5077, 5893, -6037)), ((87, 1, 1), Qfb(3971, 10897, -2429)), ((88, 0, 0), Qfb(-3181, 9147, 5789)), ((88, 0, 1), Qfb(-503, 11653, 10703)), ((88, 1, 0), Qfb(4609, 8331, -4769)), ((88, 1, 1), Qfb(613, 11543, -9823)), ((89, 0, 0), Qfb(-5833, 7875, 4085)), ((89, 0, 1), Qfb(-5269, 8309, 4189)), ((89, 1, 0), Qfb(-4817, 7229, 5453)), ((89, 1, 1), Qfb(605, 12085, -4661)), ((90, 0, 0), Qfb(5629, 6903, -4871)), ((90, 0, 1), Qfb(433, 12099, -6317)), ((90, 1, 0), Qfb(-5621, 7201, 4691)), ((90, 1, 1), Qfb(-3827, 9423, 4477)), ((91, 0, 0), Qfb(3415, 9945, -4277)), ((91, 0, 1), Qfb(-329, 12427, 2201)), ((91, 1, 0), Qfb(587, 12045, -5215)), ((91, 1, 1), Qfb(4795, 10505, -2449)), ((92, 0, 0), Qfb(745, 12045, -4109)), ((92, 0, 1), Qfb(-3637, 7413, 7037)), ((92, 1, 0), Qfb(-821, 11883, 4909)), ((92, 1, 1), Qfb(-7987, 3491, 4543)), ((93, 0, 0), Qfb(-1387, 11581, 4183)), ((93, 0, 1), Qfb(-1439, 10403, 8531)), ((93, 1, 0), Qfb(-4493, 11447, 1463)), ((93, 1, 1), Qfb(-3031, 6953, 8989)), ((94, 0, 0), Qfb(-4501, 9823, 3379)), ((94, 0, 1), Qfb(5867, 6091, -5123)), ((94, 1, 0), Qfb(-301, 12077, 9529)), ((94, 1, 1), Qfb(-9427, 9563, 1747)), ((95, 0, 0), Qfb(413, 11751, -11647)), ((95, 0, 1), Qfb(4351, 9091, -4291)), ((95, 1, 0), Qfb(665, 11485, -9557)), ((95, 1, 1), Qfb(-4799, 9723, 3271)), ((96, 0, 0), Qfb(3389, 8003, -6881)), ((96, 0, 1), Qfb(2837, 7025, -9515)), ((96, 1, 0), Qfb(-3619, 7971, 6479)), ((96, 1, 1), Qfb(817, 11315, -8965)), ((97, 0, 0), Qfb(-1733, 10001, 8267)), ((97, 0, 1), Qfb(-511, 12217, 3949)), ((97, 1, 0), Qfb(4763, 5221, -6827)), ((97, 1, 1), Qfb(-1591, 9595, 10255)), ((98, 0, 0), Qfb(1369, 12087, -2051)), ((98, 0, 1), Qfb(-5537, 10253, 2357)), ((98, 1, 0), Qfb(-4181, 6019, 7241)), ((98, 1, 1), Qfb(557, 11805, -8065)), ((99, 0, 0), Qfb(-5693, 9443, 2993)), ((99, 0, 1), Qfb(3241, 10351, -3871)), ((99, 1, 0), Qfb(-4253, 6021, 7117)), ((99, 1, 1), Qfb(-4895, 10135, 2789)), ((100, 0, 0), Qfb(1739, 10039, -8129)), ((100, 0, 1), Qfb(-823, 12089, 3397)), ((100, 1, 0), Qfb(-2621, 11093, 3269)), ((100, 1, 1), Qfb(3073, 10327, -4123)), ((101, 0, 0), Qfb(4177, 8499, -5093)), ((101, 0, 1), Qfb(2201, 10009, -6491)), ((101, 1, 0), Qfb(5735, 9645, -2803)), ((101, 1, 1), Qfb(1529, 12533, -41)), ((102, 0, 0), Qfb(-3649, 5507, 8701)), ((102, 0, 1), Qfb(-35, 12535, 1433)), ((102, 1, 0), Qfb(5855, 10665, -1861)), ((102, 1, 1), Qfb(-4015, 5595, 7847)), ((103, 0, 0), Qfb(2497, 8477, -8557)), ((103, 0, 1), Qfb(-6439, 7031, 4189)), ((103, 1, 0), Qfb(-5467, 9445, 3115)), ((103, 1, 1), Qfb(4621, 4691, -7321)), ((104, 0, 0), Qfb(-3331, 11231, 2341)), ((104, 0, 1), Qfb(883, 10923, -10763)), ((104, 1, 0), Qfb(-5705, 8055, 4051)), ((104, 1, 1), Qfb(-5687, 3403, 6407)), ((105, 0, 0), Qfb(-2365, 11315, 3097)), ((105, 0, 1), Qfb(809, 12459, -649)), ((105, 1, 0), Qfb(3157, 11821, -1393)), ((105, 1, 1), Qfb(-3959, 11865, 1045)), ((106, 0, 0), Qfb(-1745, 11425, 3839)), ((106, 0, 1), Qfb(-6217, 10769, 1663)), ((106, 1, 0), Qfb(-5741, 8107, 3989)), ((106, 1, 1), Qfb(2033, 11865, -2035)), ((107, 0, 0), Qfb(-3293, 9423, 5203)), ((107, 0, 1), Qfb(3251, 6811, -8531)), ((107, 1, 0), Qfb(4037, 11521, -1523)), ((107, 1, 1), Qfb(1981, 11223, -3959)), ((108, 0, 0), Qfb(779, 11657, -6881)), ((108, 0, 1), Qfb(-2083, 12289, 757)), ((108, 1, 0), Qfb(1061, 11019, -8461)), ((108, 1, 1), Qfb(2033, 11675, -2585)), ((109, 0, 0), Qfb(-1517, 11001, 5983)), ((109, 0, 1), Qfb(155, 12435, -4351)), ((109, 1, 0), Qfb(2777, 12245, -665)), ((109, 1, 1), Qfb(2579, 8255, -8645)), ((110, 0, 0), Qfb(1001, 11895, -3955)), ((110, 0, 1), Qfb(77, 12511, -2603)), ((110, 1, 0), Qfb(-1709, 11741, 2849)), ((110, 1, 1), Qfb(3577, 8661, -5753)), ((111, 0, 0), Qfb(2315, 9425, -7397)), ((111, 0, 1), Qfb(-3301, 6237, 8969)), ((111, 1, 0), Qfb(5735, 11125, -1463)), ((111, 1, 1), Qfb(2021, 11487, -3139)), ((112, 0, 0), Qfb(781, 11997, -4289)), ((112, 0, 1), Qfb(5617, 9771, -2753)), ((112, 1, 0), Qfb(4309, 5305, -7495)), ((112, 1, 1), Qfb(2933, 6753, -9523)), ((113, 0, 0), Qfb(703, 12531, -107)), ((113, 0, 1), Qfb(1199, 11785, -3845)), ((113, 1, 0), Qfb(-1157, 10335, 10915)), ((113, 1, 1), Qfb(-89, 12471, 5059))] 

Group element : Sturm CF expansion a0-1/(a1-1/(...)):
(0, 0, 0) [1, 12543, 12543, 12543, 12543, 12543, 12543, 12543, 12543, 12543, 12543, 12543, 12543, 12543, 12543, 12543]
(0, 0, 1) [1, 13, 965, 13, 965, 13, 965, 13, 965, 13, 965, 13, 965, 13, 965, 13]
(0, 1, 0) [-1, -3, -2, 7, -5, -2, 4, -8, -3, -2, 7, -5, -2, 4, -8, -3]
(0, 1, 1) [0, 10, -10, 11, -11, 10, -10, 11, -11, 10, -10, 11, -11, 10, -10, 11]
(1, 0, 0) [0, -2, 2, -2, 7, 17, 8, -2, 2, -2, 7, 17, 8, -2, 2, -2]
(1, 0, 1) [0, -7, 3, 3, 3, 5, -3, 5, -7, 3, 3, 3, 5, -3, 5, -7]
(1, 1, 0) [1, 2, -3, 2, -91, 9, 2, -3, 2, -91, 9, 2, -3, 2, -91, 9]
(1, 1, 1) [1, 2, -6, -3, -7, -3, -7, 3, 2, -6, -3, -7, -3, -7, 3, 2]
(2, 0, 0) [0, 124, 3, -17, -2, 124, 3, -17, -2, 124, 3, -17, -2, 124, 3, -17]
(2, 0, 1) [0, 3, 4, 10, 6, 2, -2, 3, 4, 4, 10, 6, 2, -2, 3, 4]
(2, 1, 0) [0, -53, -7, -2, 9, 2, -53, -7, -2, 9, 2, -53, -7, -2, 9, 2]
(2, 1, 1) [-1, -3, 2, -4, -3, 8, 3, -6, -3, 2, -4, -3, 8, 3, -6, -3]
(3, 0, 0) [1, 10, -4, -2, 2, -10, -2, 3, 10, -4, -2, 2, -10, -2, 3, 10]
(3, 0, 1) [0, -3, -8, -3, 2, -2, 5, 6, -3, -8, -3, 2, -2, 5, 6, -3]
(3, 1, 0) [1, 10, -4, -6, 9, 6, 10, -4, -6, 9, 6, 10, -4, -6, 9, 6]
(3, 1, 1) [0, -9, 3, -51, -8, -10, 3, -51, -8, -10, 3, -51, -8, -10, 3, -51]
(4, 0, 0) [-1, -61, 3, 4, -3, -6, -61, 3, 4, -3, -6, -61, 3, 4, -3, -6]
(4, 0, 1) [0, -4, -5, -20, 3, 11, -4, -5, -20, 3, 11, -4, -5, -20, 3, 11]
(4, 1, 0) [-1, -14, -2, 2, -2, 15, -5, -14, -2, 2, -2, 15, -5, -14, -2, 2]
(4, 1, 1) [0, -4, 8, -8, 6, 2, -3, -5, 8, -8, 6, 2, -3, -5, 8, -8]
(5, 0, 0) [0, -4, 12, -14, 3, 6, -4, 12, -14, 3, 6, -4, 12, -14, 3, 6]
(5, 0, 1) [0, -5, 2, -3, 4, 77, -5, 2, -3, 4, 77, -5, 2, -3, 4, 77]
(5, 1, 0) [0, 14, -3, 5, 3, 4, -5, 14, -3, 5, 3, 4, -5, 14, -3, 5]
(5, 1, 1) [0, -2, 3, 2, -3, 17, 3, -4, -3, 3, 2, -3, 17, 3, -4, -3]
(6, 0, 0) [0, -60, -3, -3, -6, -2, 2, -60, -3, -3, -6, -2, 2, -60, -3, -3]
(6, 0, 1) [-1, -3, -5, -34, 3, 2, -5, -3, -5, -34, 3, 2, -5, -3, -5, -34]
(6, 1, 0) [1, 4, -5, 23, 4, 7, 4, -5, 23, 4, 7, 4, -5, 23, 4, 7]
(6, 1, 1) [0, -19, 15, -2, 5, 4, -19, 15, -2, 5, 4, -19, 15, -2, 5, 4]
(7, 0, 0) [1, 42, 10, 3, -2, 4, 42, 10, 3, -2, 4, 42, 10, 3, -2, 4]
(7, 0, 1) [0, 3, -7, -7, -5, -17, 3, -7, -7, -5, -17, 3, -7, -7, -5, -17]
(7, 1, 0) [0, 3, -9, 9, -15, -3, 3, -9, 9, -15, -3, 3, -9, 9, -15, -3]
(7, 1, 1) [0, 6, -6, -2, 3, -3, -16, 6, -6, -2, 3, -3, -16, 6, -6, -2]
(8, 0, 0) [1, 4, -2, 2, -4, -2, 7, 10, 4, -2, 2, -4, -2, 7, 10, 4]
(8, 0, 1) [0, -8, -3, 19, -25, -9, -3, 19, -25, -9, -3, 19, -25, -9, -3, 19]
(8, 1, 0) [0, -26, 3, -4, -4, 5, 2, -26, 3, -4, -4, 5, 2, -26, 3, -4]
(8, 1, 1) [-1, -2, 10, 21, -29, -2, 10, 21, -29, -2, 10, 21, -29, -2, 10, 21]
(9, 0, 0) [-1, -2, 2, -10, 2, -115, -2, 2, -10, 2, -115, -2, 2, -10, 2, -115]
(9, 0, 1) [0, 2, -8, 2, -3, 10, -3, -3, 2, -8, 2, -3, 10, -3, -3, 2]
(9, 1, 0) [0, 3, 4, -3, 2, -12, 2, -5, 3, 4, -3, 2, -12, 2, -5, 3]
(9, 1, 1) [0, 2, -4, 15, -4, 6, -3, 2, -4, 15, -4, 6, -3, 2, -4, 15]
(10, 0, 0) [0, -6, -5, 12, -3, 11, -6, -5, 12, -3, 11, -6, -5, 12, -3, 11]
(10, 0, 1) [0, -5, -5, 3, 163, -5, -5, 3, 163, -5, -5, 3, 163, -5, -5, 3]
(10, 1, 0) [-1, -6, -4, -10, -15, -4, -6, -4, -10, -15, -4, -6, -4, -10, -15, -4]
(10, 1, 1) [-1, -4, -49, -3, 4, -5, -4, -49, -3, 4, -5, -4, -49, -3, 4, -5]
(11, 0, 0) [0, 3, 213, 8, -2, 3, 213, 8, -2, 3, 213, 8, -2, 3, 213, 8]
(11, 0, 1) [1, 3, 4, -2, 16, 12, 3, 3, 4, -2, 16, 12, 3, 3, 4, -2]
(11, 1, 0) [0, 3, 51, -10, -8, 3, 51, -10, -8, 3, 51, -10, -8, 3, 51, -10]
(11, 1, 1) [0, 6, 660, -3, 6, 660, -3, 6, 660, -3, 6, 660, -3, 6, 660, -3]
(12, 0, 0) [0, -32, -35, 3, 4, -32, -35, 3, 4, -32, -35, 3, 4, -32, -35, 3]
(12, 0, 1) [0, -2, 4, -3, -3, 36, 4, -2, 4, -3, -3, 36, 4, -2, 4, -3]
(12, 1, 0) [0, -8, -3, -7, 3, 13, 2, -8, -3, -7, 3, 13, 2, -8, -3, -7]
(12, 1, 1) [1, 8, 159, 10, 8, 159, 10, 8, 159, 10, 8, 159, 10, 8, 159, 10]
(13, 0, 0) [0, 10, -13, 8, -6, -2, 10, -13, 8, -6, -2, 10, -13, 8, -6, -2]
(13, 0, 1) [0, 4, -172, -2, 2, -3, 4, -172, -2, 2, -3, 4, -172, -2, 2, -3]
(13, 1, 0) [1, 43, -33, -2, 4, 43, -33, -2, 4, 43, -33, -2, 4, 43, -33, -2]
(13, 1, 1) [1, 6, 3, -2, 6, -2, 3, 7, 6, 3, -2, 6, -2, 3, 7, 6]
(14, 0, 0) [-1, -6, 3, 2, -12, 5, 2, -3, -6, 3, 2, -12, 5, 2, -3, -6]
(14, 0, 1) [1, 9, 6, 5, 2, -3, -2, 4, 9, 6, 5, 2, -3, -2, 4, 9]
(14, 1, 0) [0, 7, 4, 4, -58, -2, 7, 4, 4, -58, -2, 7, 4, 4, -58, -2]
(14, 1, 1) [0, -3, 7, -2, 2, -4, 24, -3, 7, -2, 2, -4, 24, -3, 7, -2]
(15, 0, 0) [-1, -4, -2, 5, 3, 10, -12, -4, -2, 5, 3, 10, -12, -4, -2, 5]
(15, 0, 1) [0, 5, 3, -6, -23, -6, 5, 3, -6, -23, -6, 5, 3, -6, -23, -6]
(15, 1, 0) [0, -3, 12, -2, 5, 2, -3, 4, -3, 12, -2, 5, 2, -3, 4, -3]
(15, 1, 1) [-1, -2, 2, -5, -4, 3, -3, -12, -2, 2, -5, -4, 3, -3, -12, -2]
(16, 0, 0) [0, -6, 69, -7, 4, -6, 69, -7, 4, -6, 69, -7, 4, -6, 69, -7]
(16, 0, 1) [0, -3, 5, -94, 8, -3, 5, -94, 8, -3, 5, -94, 8, -3, 5, -94]
(16, 1, 0) [0, 8, 4, -6, -31, -2, 8, 4, -6, -31, -2, 8, 4, -6, -31, -2]
(16, 1, 1) [1, 8, 3, -81, -2, 3, 8, 3, -81, -2, 3, 8, 3, -81, -2, 3]
(17, 0, 0) [-1, -2, 5, 2, -4, -3, 5, 2, -5, -2, 5, 2, -4, -3, 5, 2]
(17, 0, 1) [1, 3, 23, 7, 27, 3, 23, 7, 27, 3, 23, 7, 27, 3, 23, 7]
(17, 1, 0) [1, 4, -87, 2, -4, 4, 4, -87, 2, -4, 4, 4, -87, 2, -4, 4]
(17, 1, 1) [0, 2, -1140, -5, 2, -1140, -5, 2, -1140, -5, 2, -1140, -5, 2, -1140, -5]
(18, 0, 0) [0, -7, -2, 4, 2, -16, 7, -7, -2, 4, 2, -16, 7, -7, -2, 4]
(18, 0, 1) [1, 2, -8, 25, -8, 4, 2, -8, 25, -8, 4, 2, -8, 25, -8, 4]
(18, 1, 0) [1, 5, 2, -2, 11, 3, 17, 5, 2, -2, 11, 3, 17, 5, 2, -2]
(18, 1, 1) [0, -5, -18, -3, -2, 2, -9, -6, -18, -3, -2, 2, -9, -6, -18, -3]
(19, 0, 0) [0, 3, -3, -4, -9, -2, 8, -2, 3, -3, -4, -9, -2, 8, -2, 3]
(19, 0, 1) [0, 3, 2, -4, 4, 7, -3, -6, 3, 2, -4, 4, 7, -3, -6, 3]
(19, 1, 0) [1, 9, -15, 19, 5, 9, -15, 19, 5, 9, -15, 19, 5, 9, -15, 19]
(19, 1, 1) [0, -11, -8, 3, -2, 3, -2, 2, -11, -8, 3, -2, 3, -2, 2, -11]
(20, 0, 0) [0, -3, 8, -5, -2, 7, 7, -3, 8, -5, -2, 7, 7, -3, 8, -5]
(20, 0, 1) [0, -7, 111, 8, 2, -7, 111, 8, 2, -7, 111, 8, 2, -7, 111, 8]
(20, 1, 0) [-1, -31, -68, -6, -31, -68, -6, -31, -68, -6, -31, -68, -6, -31, -68, -6]
(20, 1, 1) [0, 10, 3, 2, -5, 2, -5, -4, 10, 3, 2, -5, 2, -5, -4, 10]
(21, 0, 0) [0, -5, 7, 5, 2, -5, -3, 2, -5, 7, 5, 2, -5, -3, 2, -5]
(21, 0, 1) [-1, -3, -2, 3, 3, -27, -4, -3, -3, -2, 3, 3, -27, -4, -3, -3]
(21, 1, 0) [0, 8, -2, 16, 4, -11, 8, -2, 16, 4, -11, 8, -2, 16, 4, -11]
(21, 1, 1) [0, 5, 6, 4, -6, -18, 5, 6, 4, -6, -18, 5, 6, 4, -6, -18]
(22, 0, 0) [0, -3, -7, 2, -34, 4, 2, -3, -7, 2, -34, 4, 2, -3, -7, 2]
(22, 0, 1) [0, 15, 28, -3, -3, -4, 15, 28, -3, -3, -4, 15, 28, -3, -3, -4]
(22, 1, 0) [0, 5, 11, 2, -6, 2, -8, 5, 11, 2, -6, 2, -8, 5, 11, 2]
(22, 1, 1) [0, -11, -6, -3, 11, 6, -11, -6, -3, 11, 6, -11, -6, -3, 11, 6]
(23, 0, 0) [0, -4, -9, -2, 3, 10, 3, 2, -4, -9, -2, 3, 10, 3, 2, -4]
(23, 0, 1) [0, 2, -15, -7, -58, 2, -15, -7, -58, 2, -15, -7, -58, 2, -15, -7]
(23, 1, 0) [1, 3, -5, -2, 2, -19, 9, 3, -5, -2, 2, -19, 9, 3, -5, -2]
(23, 1, 1) [0, 5, 5, 3, 3, -20, 3, 6, 5, 3, 3, -20, 3, 6, 5, 3]
(24, 0, 0) [-1, -63, 5, 3, 3, -5, -63, 5, 3, 3, -5, -63, 5, 3, 3, -5]
(24, 0, 1) [0, -3, -5, 6, 7, -2, 9, -3, -5, 6, 7, -2, 9, -3, -5, 6]
(24, 1, 0) [0, 3, 9, 2, -2, 3, -3, -9, 3, 9, 2, -2, 3, -3, -9, 3]
(24, 1, 1) [-1, -4, -10, -37, -9, -4, -10, -37, -9, -4, -10, -37, -9, -4, -10, -37]
(25, 0, 0) [0, 7, -5, -2, 3, 2, -5, 2, -2, 7, -5, -2, 3, 2, -5, 2]
(25, 0, 1) [0, -2, 3, 2, -4, 11, 20, -2, 3, 2, -4, 11, 20, -2, 3, 2]
(25, 1, 0) [0, 3, 5, 3, 3, 3, 3, -17, 3, 5, 3, 3, 3, 3, -17, 3]
(25, 1, 1) [1, 11, 2, -3, 2, -2, 6, 5, 11, 2, -3, 2, -2, 6, 5, 11]
(26, 0, 0) [-1, -2, 12, -2, 28, 3, -3, -2, 12, -2, 28, 3, -3, -2, 12, -2]
(26, 0, 1) [0, 4, -6, -2, 43, -6, 4, -6, -2, 43, -6, 4, -6, -2, 43, -6]
(26, 1, 0) [0, 18, 6, -117, 18, 6, -117, 18, 6, -117, 18, 6, -117, 18, 6, -117]
(26, 1, 1) [-1, -9, 6, -3, 10, -7, -9, 6, -3, 10, -7, -9, 6, -3, 10, -7]
(27, 0, 0) [0, 4, -4, 7, 2, -54, 4, -4, 7, 2, -54, 4, -4, 7, 2, -54]
(27, 0, 1) [0, -4, -7, 3, 3, -2, 7, 3, -4, -7, 3, 3, -2, 7, 3, -4]
(27, 1, 0) [1, 2, -1791, 4, 2, -1791, 4, 2, -1791, 4, 2, -1791, 4, 2, -1791, 4]
(27, 1, 1) [0, 4, 3, 4, -138, -2, 4, 3, 4, -138, -2, 4, 3, 4, -138, -2]
(28, 0, 0) [0, -13, 60, 16, -13, 60, 16, -13, 60, 16, -13, 60, 16, -13, 60, 16]
(28, 0, 1) [0, -4, 5, -3, 3, 5, 12, -4, 5, -3, 3, 5, 12, -4, 5, -3]
(28, 1, 0) [0, -3, 2, -3, -2, 3, -3, -3, -3, 3, -3, 2, -3, -2, 3, -3]
(28, 1, 1) [0, 3, 6, -38, -19, 3, 6, -38, -19, 3, 6, -38, -19, 3, 6, -38]
(29, 0, 0) [-1, -6, 14, -4, -5, -8, -6, 14, -4, -5, -8, -6, 14, -4, -5, -8]
(29, 0, 1) [1, 10, -5, 6, -2, 18, 10, -5, 6, -2, 18, 10, -5, 6, -2, 18]
(29, 1, 0) [-1, -21, 2, -3, -5, -18, -21, 2, -3, -5, -18, -21, 2, -3, -5, -18]
(29, 1, 1) [0, -2, 2, -2, 5, 3, -3, -2, 11, -2, 2, -2, 5, 3, -3, -2]
(30, 0, 0) [0, 2, -3, -28, -7, -9, 2, -3, -28, -7, -9, 2, -3, -28, -7, -9]
(30, 0, 1) [1, 4, -358, 9, 4, -358, 9, 4, -358, 9, 4, -358, 9, 4, -358, 9]
(30, 1, 0) [0, -3, 15, -3, 15, -2, 2, -3, 15, -3, 15, -2, 2, -3, 15, -3]
(30, 1, 1) [0, -11, -11, -5, 21, -11, -11, -5, 21, -11, -11, -5, 21, -11, -11, -5]
(31, 0, 0) [0, 2, -16, -5, 2, -34, 2, -16, -5, 2, -34, 2, -16, -5, 2, -34]
(31, 0, 1) [-1, -3, -4, -3, 3, -5, -24, -3, -4, -3, 3, -5, -24, -3, -4, -3]
(31, 1, 0) [1, 9, 11, 22, 6, 9, 11, 22, 6, 9, 11, 22, 6, 9, 11, 22]
(31, 1, 1) [0, -9, -2, 140, -2, 2, -9, -2, 140, -2, 2, -9, -2, 140, -2, 2]
(32, 0, 0) [0, 3, -7, -13, 5, -4, -2, 3, -7, -13, 5, -4, -2, 3, -7, -13]
(32, 0, 1) [0, -3, 2, -10, 12, 14, -3, 2, -10, 12, 14, -3, 2, -10, 12, 14]
(32, 1, 0) [1, 4, -3, -3, -3, -2, 4, -6, 3, 4, -3, -3, -3, -2, 4, -6]
(32, 1, 1) [0, -30, -11, 38, -30, -11, 38, -30, -11, 38, -30, -11, 38, -30, -11, 38]
(33, 0, 0) [1, 4, 2, -7, -5, -2, 7, 4, 4, 2, -7, -5, -2, 7, 4, 4]
(33, 0, 1) [0, 2, -15, 2, -9, -3, -7, 2, -15, 2, -9, -3, -7, 2, -15, 2]
(33, 1, 0) [0, 36, -5, 8, -3, -3, 36, -5, 8, -3, -3, 36, -5, 8, -3, -3]
(33, 1, 1) [1, 3, 3, -6, -13, -4, 5, 3, 3, -6, -13, -4, 5, 3, 3, -6]
(34, 0, 0) [-1, -104, -9, 3, -4, -104, -9, 3, -4, -104, -9, 3, -4, -104, -9, 3]
(34, 0, 1) [-1, -8, 4, -2, 43, -4, -8, 4, -2, 43, -4, -8, 4, -2, 43, -4]
(34, 1, 0) [1, 2, -2, 2, -291, 4, 2, -2, 2, -291, 4, 2, -2, 2, -291, 4]
(34, 1, 1) [0, 47, 2, -2, 2, -22, 47, 2, -2, 2, -22, 47, 2, -2, 2, -22]
(35, 0, 0) [-1, -2, 2, -28, -2, 4, -4, -3, -2, 2, -28, -2, 4, -4, -3, -2]
(35, 0, 1) [0, -2, 2, -2, 3, 2, -3, -4, 3, 4, -2, 2, -2, 3, 2, -3]
(35, 1, 0) [0, -2, 5, -5, 3, 7, 10, -2, 5, -5, 3, 7, 10, -2, 5, -5]
(35, 1, 1) [-1, -3, -7, 3, -2, 2, -3, -11, -3, -7, 3, -2, 2, -3, -11, -3]
(36, 0, 0) [1, 28, -90, 5, 28, -90, 5, 28, -90, 5, 28, -90, 5, 28, -90, 5]
(36, 0, 1) [0, -11, -3, -3, -3, -3, -7, 3, -11, -3, -3, -3, -3, -7, 3, -11]
(36, 1, 0) [-1, -6, -3, 16, -12, -4, -6, -3, 16, -12, -4, -6, -3, 16, -12, -4]
(36, 1, 1) [1, 4, 22, -3, 3, -2, 6, 4, 22, -3, 3, -2, 6, 4, 22, -3]
(37, 0, 0) [0, -4, -26, 3, -3, -2, 3, 2, -4, -26, 3, -3, -2, 3, 2, -4]
(37, 0, 1) [0, -339, -6, 6, -339, -6, 6, -339, -6, 6, -339, -6, 6, -339, -6, 6]
(37, 1, 0) [1, 3, -10, -4, -2, 22, 3, 3, -10, -4, -2, 22, 3, 3, -10, -4]
(37, 1, 1) [1, 36, -3, -24, -3, -2, 35, -3, -24, -3, -2, 35, -3, -24, -3, -2]
(38, 0, 0) [0, 7, 8, 5, 4, 3, 2, -2, 7, 8, 5, 4, 3, 2, -2, 7]
(38, 0, 1) [0, 93, -3, 44, 94, -3, 44, 94, -3, 44, 94, -3, 44, 94, -3, 44]
(38, 1, 0) [0, 2, -2, 3, -24, -30, 2, -2, 3, -24, -30, 2, -2, 3, -24, -30]
(38, 1, 1) [-1, -2, 2, -2, 2, -17, 2, -12, -2, 2, -2, 2, -17, 2, -12, -2]
(39, 0, 0) [1, 5, 3, 2, -3, -4, -4, 4, 3, 5, 3, 2, -3, -4, -4, 4]
(39, 0, 1) [0, 55, 23, 3, -3, 55, 23, 3, -3, 55, 23, 3, -3, 55, 23, 3]
(39, 1, 0) [1, 3, -2, 5, 3, 3, 10, 5, 3, -2, 5, 3, 3, 10, 5, 3]
(39, 1, 1) [-1, -4, -2, 20, 3, -5, -6, -4, -2, 20, 3, -5, -6, -4, -2, 20]
(40, 0, 0) [0, -228, -9, 6, -228, -9, 6, -228, -9, 6, -228, -9, 6, -228, -9, 6]
(40, 0, 1) [0, 11, -17, 2, -5, -6, 11, -17, 2, -5, -6, 11, -17, 2, -5, -6]
(40, 1, 0) [0, 5, 4, -3, -3, 4, -8, -2, 5, 4, -3, -3, 4, -8, -2, 5]
(40, 1, 1) [1, 4, 25, 5, 26, 4, 25, 5, 26, 4, 25, 5, 26, 4, 25, 5]
(41, 0, 0) [-1, -4, -8, -405, -4, -8, -405, -4, -8, -405, -4, -8, -405, -4, -8, -405]
(41, 0, 1) [0, -6, -31, 3, -2, 9, -6, -31, 3, -2, 9, -6, -31, 3, -2, 9]
(41, 1, 0) [-1, -4, 6, -2, 4, -19, -3, -4, 6, -2, 4, -19, -3, -4, 6, -2]
(41, 1, 1) [1, 14, -31, 5, 6, 14, -31, 5, 6, 14, -31, 5, 6, 14, -31, 5]
(42, 0, 0) [0, -16, -2, 7, -7, 4, 2, -16, -2, 7, -7, 4, 2, -16, -2, 7]
(42, 0, 1) [0, 6, 25, -2, 2, -16, 6, 25, -2, 2, -16, 6, 25, -2, 2, -16]
(42, 1, 0) [0, -4, 3, 3, -2, 24, 6, -4, 3, 3, -2, 24, 6, -4, 3, 3]
(42, 1, 1) [-1, -2, 3, 3, -4, 6, 3, 2, -5, -2, 3, 3, -4, 6, 3, 2]
(43, 0, 0) [-1, -5, -4, 5, 3, 6, 2, -4, -5, -4, 5, 3, 6, 2, -4, -5]
(43, 0, 1) [0, -8, -4, -11, -12, -3, -9, -4, -11, -12, -3, -9, -4, -11, -12, -3]
(43, 1, 0) [0, -4, -3, -7, 3, 2, -9, 3, -4, -3, -7, 3, 2, -9, 3, -4]
(43, 1, 1) [-1, -2, 13, 8, 23, -3, -2, 13, 8, 23, -3, -2, 13, 8, 23, -3]
(44, 0, 0) [-1, -13, -5, -2, 27, -4, -13, -5, -2, 27, -4, -13, -5, -2, 27, -4]
(44, 0, 1) [-1, -163, 9, 2, -4, -163, 9, 2, -4, -163, 9, 2, -4, -163, 9, 2]
(44, 1, 0) [0, 14, 2, -34, -7, -2, 14, 2, -34, -7, -2, 14, 2, -34, -7, -2]
(44, 1, 1) [0, 4, -5, -3, 2, -2, 5, 2, -3, 4, -5, -3, 2, -2, 5, 2]
(45, 0, 0) [-1, -2, 31, -6, -4, -3, -4, -2, 31, -6, -4, -3, -4, -2, 31, -6]
(45, 0, 1) [-1, -3, -2, 15, 4, -41, -3, -2, 15, 4, -41, -3, -2, 15, 4, -41]
(45, 1, 0) [0, -13, 2, -4, 2, -6, 7, -13, 2, -4, 2, -6, 7, -13, 2, -4]
(45, 1, 1) [-1, -177, -6, 2, -5, -177, -6, 2, -5, -177, -6, 2, -5, -177, -6, 2]
(46, 0, 0) [0, 6, -2, 132, 2, -3, 6, -2, 132, 2, -3, 6, -2, 132, 2, -3]
(46, 0, 1) [1, 4, 3, 3, -2, 10, 4, 5, 4, 3, 3, -2, 10, 4, 5, 4]
(46, 1, 0) [1, 3, -3, 2, -9, 58, 3, -3, 2, -9, 58, 3, -3, 2, -9, 58]
(46, 1, 1) [0, -2, 4, 43, 4, 8, -2, 4, 43, 4, 8, -2, 4, 43, 4, 8]
(47, 0, 0) [1, 4, -4, 7, -10, -2, 5, 4, -4, 7, -10, -2, 5, 4, -4, 7]
(47, 0, 1) [-1, -3, 6, 2, -3, -28, -4, -3, 6, 2, -3, -28, -4, -3, 6, 2]
(47, 1, 0) [0, 6, 33, 4, 5, -3, 6, 33, 4, 5, -3, 6, 33, 4, 5, -3]
(47, 1, 1) [0, 2, -15, 2, -2, 4, 4, -4, 2, -15, 2, -2, 4, 4, -4, 2]
(48, 0, 0) [1, 2, -3, -2, 6, 3, -4, 13, 2, -3, -2, 6, 3, -4, 13, 2]
(48, 0, 1) [0, 4, -3, -3, -9, -6, -7, 4, -3, -3, -9, -6, -7, 4, -3, -3]
(48, 1, 0) [1, 2, -13, 2, -17, 3, 5, 2, -13, 2, -17, 3, 5, 2, -13, 2]
(48, 1, 1) [-1, -3, 4, 2, -7, 3, -23, -3, 4, 2, -7, 3, -23, -3, 4, 2]
(49, 0, 0) [0, 2, -2, 4, 5, 2, -3, 3, -5, 2, -2, 4, 5, 2, -3, 3]
(49, 0, 1) [0, -2, 2, -5, -21, -3, -6, -3, 2, -5, -21, -3, -6, -3, 2, -5]
(49, 1, 0) [0, -4, -5, 5, 4, -14, 2, -4, -5, 5, 4, -14, 2, -4, -5, 5]
(49, 1, 1) [-1, -7, -4, 5, -13, 4, 2, -6, -4, 5, -13, 4, 2, -6, -4, 5]
(50, 0, 0) [-1, -16, 2, -2, 3, -3, 4, -3, -16, 2, -2, 3, -3, 4, -3, -16]
(50, 0, 1) [1, 3, -3, -3, -3, -6, -2, 17, 3, -3, -3, -3, -6, -2, 17, 3]
(50, 1, 0) [-1, -24, 4, 3, -6, 2, -3, -24, 4, 3, -6, 2, -3, -24, 4, 3]
(50, 1, 1) [-1, -6, -2, 48, 8, -3, -6, -2, 48, 8, -3, -6, -2, 48, 8, -3]
(51, 0, 0) [0, -3, 4, 26, -2, 3, 3, 2, -3, 4, 26, -2, 3, 3, 2, -3]
(51, 0, 1) [0, 3, -3, -6, -2, 4, -26, 3, -3, -6, -2, 4, -26, 3, -3, -6]
(51, 1, 0) [1, 4, 13, -7, -4, 9, 4, 13, -7, -4, 9, 4, 13, -7, -4, 9]
(51, 1, 1) [-1, -3, 9, -12, 3, -12, -3, 9, -12, 3, -12, -3, 9, -12, 3, -12]
(52, 0, 0) [-1, -3, 16, 3, -2, 5, -7, -3, 16, 3, -2, 5, -7, -3, 16, 3]
(52, 0, 1) [0, -5, -2, 72, 19, -5, -2, 72, 19, -5, -2, 72, 19, -5, -2, 72]
(52, 1, 0) [1, 4, -18, 4, 3, 16, 4, -18, 4, 3, 16, 4, -18, 4, 3, 16]
(52, 1, 1) [0, 2, -2, 2, -2, 2, -21, -8, 2, -2, 2, -2, 2, -21, -8, 2]
(53, 0, 0) [-1, -3, -2, 41, -17, -4, -3, -2, 41, -17, -4, -3, -2, 41, -17, -4]
(53, 0, 1) [0, 2, -6, 3, -2, 3, 4, -2, 3, 3, -6, 3, -2, 3, 4, -2]
(53, 1, 0) [-1, -2, 14, -4, -24, -5, -2, 14, -4, -24, -5, -2, 14, -4, -24, -5]
(53, 1, 1) [0, 8, -5, -306, 8, -5, -306, 8, -5, -306, 8, -5, -306, 8, -5, -306]
(54, 0, 0) [0, -256, -3, -2, 3, 3, -256, -3, -2, 3, 3, -256, -3, -2, 3, 3]
(54, 0, 1) [0, 5, -20, -2, 28, -2, 5, -20, -2, 28, -2, 5, -20, -2, 28, -2]
(54, 1, 0) [0, 8, 4, 31, -13, 8, 4, 31, -13, 8, 4, 31, -13, 8, 4, 31]
(54, 1, 1) [-1, -2, 4, 2, -2, 50, 2, -3, -2, 4, 2, -2, 50, 2, -3, -2]
(55, 0, 0) [0, -2, 2, -20, 8, 15, -2, 2, -20, 8, 15, -2, 2, -20, 8, 15]
(55, 0, 1) [1, 2, -3, 4, -267, -3, -4, 4, -267, -3, -4, 4, -267, -3, -4, 4]
(55, 1, 0) [-1, -2, 2, -4, -3, -4, -9, -7, -2, 2, -4, -3, -4, -9, -7, -2]
(55, 1, 1) [-1, -3, 25, 2, -84, -3, 25, 2, -84, -3, 25, 2, -84, -3, 25, 2]
(56, 0, 0) [0, -3, -3, 3, 9, 9, -2, 2, -3, -3, 3, 9, 9, -2, 2, -3]
(56, 0, 1) [0, 2, -20, -3, -6, -18, 2, -20, -3, -6, -18, 2, -20, -3, -6, -18]
(56, 1, 0) [0, 3, 3, 3, 5, 5, -5, -5, 3, 3, 3, 5, 5, -5, -5, 3]
(56, 1, 1) [1, 37, -13, -3, -3, 3, 37, -13, -3, -3, 3, 37, -13, -3, -3, 3]
(57, 0, 0) [-1, -3, -3, -3, -3, -3, -3, -3, -2, 2, -3, -3, -3, -3, -3, -3]
(57, 0, 1) [0, -2, 2, -5, 2, -2, 5, -2, 3, 2, -2, 2, -5, 2, -2, 5]
(57, 1, 0) [1, 65, 193, 65, 193, 65, 193, 65, 193, 65, 193, 65, 193, 65, 193, 65]
(57, 1, 1) [1, 5, 2509, 5, 2509, 5, 2509, 5, 2509, 5, 2509, 5, 2509, 5, 2509, 5]
(58, 0, 0) [0, 3, 3, -2, 2, -9, -9, -3, 3, 3, -2, 2, -9, -9, -3, 3]
(58, 0, 1) [0, -2, 18, 6, 3, 20, -2, 18, 6, 3, 20, -2, 18, 6, 3, 20]
(58, 1, 0) [1, 3, 3, -5, -5, 5, 5, 3, 3, 3, -5, -5, 5, 5, 3, 3]
(58, 1, 1) [0, 37, 3, -3, -3, -13, 37, 3, -3, -3, -13, 37, 3, -3, -3, -13]
(59, 0, 0) [0, -2, 2, -15, -8, 20, -2, 2, -15, -8, 20, -2, 2, -15, -8, 20]
(59, 0, 1) [0, -4, 4, 3, 267, -4, 4, 3, 267, -4, 4, 3, 267, -4, 4, 3]
(59, 1, 0) [-1, -3, -4, 3, 2, -6, -9, -4, -3, -4, 3, 2, -6, -9, -4, -3]
(59, 1, 1) [0, 24, -3, -85, -2, 24, -3, -85, -2, 24, -3, -85, -2, 24, -3, -85]
(60, 0, 0) [0, -3, -4, -3, -2, 255, -3, -4, -3, -2, 255, -3, -4, -3, -2, 255]
(60, 0, 1) [0, 19, -5, 2, -29, -2, 19, -5, 2, -29, -2, 19, -5, 2, -29, -2]
(60, 1, 0) [0, 31, 4, 8, -13, 31, 4, 8, -13, 31, 4, 8, -13, 31, 4, 8]
(60, 1, 1) [-1, -2, 4, 2, -3, -2, 49, -3, -2, 4, 2, -3, -2, 49, -3, -2]
(61, 0, 0) [1, 17, -42, -3, -2, 3, 17, -42, -3, -2, 3, 17, -42, -3, -2, 3]
(61, 0, 1) [0, -3, -3, 2, -4, -3, 2, -3, 6, -3, -3, 2, -4, -3, 2, -3]
(61, 1, 0) [0, -4, -24, -4, 15, 2, -4, -24, -4, 15, 2, -4, -24, -4, 15, 2]
(61, 1, 1) [0, -306, -5, 8, -306, -5, 8, -306, -5, 8, -306, -5, 8, -306, -5, 8]
(62, 0, 0) [-1, -16, 3, 7, -5, 2, -3, -16, 3, 7, -5, 2, -3, -16, 3, 7]
(62, 0, 1) [-1, -2, 4, -19, -73, -2, 4, -19, -73, -2, 4, -19, -73, -2, 4, -19]
(62, 1, 0) [0, 4, 16, 3, 4, -18, 4, 16, 3, 4, -18, 4, 16, 3, 4, -18]
(62, 1, 1) [0, -2, 2, -2, 2, -8, -21, 2, -2, 2, -2, 2, -8, -21, 2, -2]
(63, 0, 0) [0, 2, -26, -4, 4, 3, 2, -2, 2, -26, -4, 4, 3, 2, -2, 2]
(63, 0, 1) [0, -5, -2, 5, 3, -3, 26, -5, -2, 5, 3, -3, 26, -5, -2, 5]
(63, 1, 0) [0, 13, 4, 9, -4, -7, 13, 4, 9, -4, -7, 13, 4, 9, -4, -7]
(63, 1, 1) [0, -12, 9, -3, -12, 3, -12, 9, -3, -12, 3, -12, 9, -3, -12, 3]
(64, 0, 0) [0, -2, 16, 3, -4, 3, -3, 2, -2, 16, 3, -4, 3, -3, 2, -2]
(64, 0, 1) [-1, -3, -2, 2, -3, -18, -2, 5, 3, 3, 3, -3, -18, -2, 5, 3]
(64, 1, 0) [0, -24, -3, 2, -6, 3, 4, -24, -3, 2, -6, 3, 4, -24, -3, 2]
(64, 1, 1) [1, 2, -5, -3, 8, 49, 2, -5, -3, 8, 49, 2, -5, -3, 8, 49]
(65, 0, 0) [-1, -4, 2, -2, 5, -3, 4, 2, -4, -4, 2, -2, 5, -3, 4, 2]
(65, 0, 1) [1, 5, -2, 3, 6, 3, 21, 5, -2, 3, 6, 3, 21, 5, -2, 3]
(65, 1, 0) [-1, -4, 2, -14, 4, 5, -5, -4, 2, -14, 4, 5, -5, -4, 2, -14]
(65, 1, 1) [0, -4, -7, -2, 3, -13, 5, -4, -7, -2, 3, -13, 5, -4, -7, -2]
(66, 0, 0) [0, 3, 2, -12, 4, -3, -7, -2, 3, 2, -12, 4, -3, -7, -2, 3]
(66, 0, 1) [1, 3, 3, -4, 7, 6, 9, 3, 3, -4, 7, 6, 9, 3, 3, -4]
(66, 1, 0) [-1, -2, 4, 3, -17, 2, -14, -2, 4, 3, -17, 2, -14, -2, 4, 3]
(66, 1, 1) [-1, -2, 3, -3, -23, 3, -8, -2, 3, -3, -23, 3, -8, -2, 3, -3]
(67, 0, 0) [0, 4, -4, -6, -2, 9, -7, 4, -4, -6, -2, 9, -7, 4, -4, -6]
(67, 0, 1) [1, 2, -5, 3, 4, 28, 4, 2, -5, 3, 4, 28, 4, 2, -5, 3]
(67, 1, 0) [1, 6, -3, 5, 4, 33, 6, -3, 5, 4, 33, 6, -3, 5, 4, 33]
(67, 1, 1) [0, -2, 2, -15, 2, -4, 4, 4, -2, 2, -15, 2, -4, 4, 4, -2]
(68, 0, 0) [0, 4, 2, -131, 2, -6, 4, 2, -131, 2, -6, 4, 2, -131, 2, -6]
(68, 0, 1) [1, 2, -3, -5, -4, -10, 2, -3, -3, -4, -5, -4, -10, 2, -3, -3]
(68, 1, 0) [0, -9, 2, -3, 3, 58, -9, 2, -3, 3, 58, -9, 2, -3, 3, 58]
(68, 1, 1) [1, 4, -2, 8, 4, 43, 4, -2, 8, 4, 43, 4, -2, 8, 4, 43]
(69, 0, 0) [1, 6, -32, -2, 3, 3, 4, 6, -32, -2, 3, 3, 4, 6, -32, -2]
(69, 0, 1) [0, -4, -16, -3, -2, 40, -4, -16, -3, -2, 40, -4, -16, -3, -2, 40]
(69, 1, 0) [0, 2, -13, 7, -6, 2, -4, 2, -13, 7, -6, 2, -4, 2, -13, 7]
(69, 1, 1) [-1, -177, -5, 2, -6, -177, -5, 2, -6, -177, -5, 2, -6, -177, -5, 2]
(70, 0, 0) [1, 4, -28, -2, 4, 13, 4, -28, -2, 4, 13, 4, -28, -2, 4, 13]
(70, 0, 1) [1, 5, 2, -8, 163, 5, 2, -8, 163, 5, 2, -8, 163, 5, 2, -8]
(70, 1, 0) [0, 14, 2, -6, -35, -2, 14, 2, -6, -35, -2, 14, 2, -6, -35, -2]
(70, 1, 1) [0, -3, -5, 4, -4, -2, 4, -2, 2, -3, -5, 4, -4, -2, 4, -2]
(71, 0, 0) [-1, -3, -5, 4, 5, 5, 2, -5, -3, -5, 4, 5, 5, 2, -5, -3]
(71, 0, 1) [1, 11, 4, 9, 3, 12, 11, 4, 9, 3, 12, 11, 4, 9, 3, 12]
(71, 1, 0) [0, 2, -7, -3, -4, 3, -10, -2, 2, -7, -3, -4, 3, -10, -2, 2]
(71, 1, 1) [1, 8, 14, 2, -2, 23, 8, 14, 2, -2, 23, 8, 14, 2, -2, 23]
(72, 0, 0) [0, 16, 2, -3, 7, -8, -2, 16, 2, -3, 7, -8, -2, 16, 2, -3]
(72, 0, 1) [-1, -6, 16, -2, 2, -25, -6, 16, -2, 2, -25, -6, 16, -2, 2, -25]
(72, 1, 0) [0, 6, 24, -2, 3, 3, -4, 6, 24, -2, 3, 3, -4, 6, 24, -2]
(72, 1, 1) [0, 3, 4, 2, -5, -3, -2, 5, -4, 3, 4, 2, -5, -3, -2, 5]
(73, 0, 0) [1, 8, 4, 405, 8, 4, 405, 8, 4, 405, 8, 4, 405, 8, 4, 405]
(73, 0, 1) [0, -3, 31, 6, -9, 2, -3, 31, 6, -9, 2, -3, 31, 6, -9, 2]
(73, 1, 0) [0, -2, 6, -4, -3, -19, 4, -2, 6, -4, -3, -19, 4, -2, 6, -4]
(73, 1, 1) [0, -31, 14, 6, 5, -31, 14, 6, 5, -31, 14, 6, 5, -31, 14, 6]
(74, 0, 0) [0, 9, 228, -6, 9, 228, -6, 9, 228, -6, 9, 228, -6, 9, 228, -6]
(74, 0, 1) [0, 6, 5, -2, 17, -11, 6, 5, -2, 17, -11, 6, 5, -2, 17, -11]
(74, 1, 0) [0, -3, -3, 4, 6, 2, -7, 4, -3, -3, 4, 6, 2, -7, 4, -3]
(74, 1, 1) [0, 4, 25, 4, 26, 5, 25, 4, 26, 5, 25, 4, 26, 5, 25, 4]
(75, 0, 0) [0, 4, 4, 4, 3, 2, -4, -3, -4, 4, 4, 4, 3, 2, -4, -3]
(75, 0, 1) [0, -3, -23, -55, 3, -3, -23, -55, 3, -3, -23, -55, 3, -3, -23, -55]
(75, 1, 0) [1, 3, 5, -2, 3, 5, 10, 3, 3, 5, -2, 3, 5, 10, 3, 3]
(75, 1, 1) [-1, -5, 3, 21, 2, -3, -6, -5, 3, 21, 2, -3, -6, -5, 3, 21]
(76, 0, 0) [-1, -5, -8, -7, 3, 3, 2, -3, -5, -8, -7, 3, 3, 2, -3, -5]
(76, 0, 1) [0, 3, -94, -44, 3, -94, -44, 3, -94, -44, 3, -94, -44, 3, -94, -44]
(76, 1, 0) [0, 2, -30, -24, 3, -2, 2, -30, -24, 3, -2, 2, -30, -24, 3, -2]
(76, 1, 1) [0, 2, -2, 3, 2, -11, 2, -17, 2, -2, 3, 2, -11, 2, -17, 2]
(77, 0, 0) [0, -3, 26, 5, 2, -3, -2, 2, -3, 26, 5, 2, -3, -2, 2, -3]
(77, 0, 1) [1, 339, -6, 6, 339, -6, 6, 339, -6, 6, 339, -6, 6, 339, -6, 6]
(77, 1, 0) [0, -3, -10, 3, 3, 23, 2, -3, -10, 3, 3, 23, 2, -3, -10, 3]
(77, 1, 1) [-1, -3, 36, 3, 2, -23, -3, 36, 3, 2, -23, -3, 36, 3, 2, -23]
(78, 0, 0) [0, -28, -5, 90, -28, -5, 90, -28, -5, 90, -28, -5, 90, -28, -5, 90]
(78, 0, 1) [0, -3, 7, 3, 3, 3, 3, 11, -3, 7, 3, 3, 3, 3, 11, -3]
(78, 1, 0) [-1, -6, -4, -12, 16, -3, -6, -4, -12, 16, -3, -6, -4, -12, 16, -3]
(78, 1, 1) [0, 22, 4, 6, -2, 3, -3, 22, 4, 6, -2, 3, -3, 22, 4, 6]
(79, 0, 0) [0, -3, -3, -2, 3, -5, -2, 27, -3, -3, -2, 3, -5, -2, 27, -3]
(79, 0, 1) [0, 3, 2, -2, 2, -2, 2, -4, -3, 4, 4, 2, -2, 2, -2, 2]
(79, 1, 0) [0, -2, 10, 7, 3, -5, 5, -2, 10, 7, 3, -5, 5, -2, 10, 7]
(79, 1, 1) [0, -2, 3, -7, -3, -11, -3, 2, -2, 3, -7, -3, -11, -3, 2, -2]
(80, 0, 0) [0, -3, 9, 104, 4, -3, 9, 104, 4, -3, 9, 104, 4, -3, 9, 104]
(80, 0, 1) [0, -43, 2, -4, 8, 4, -43, 2, -4, 8, 4, -43, 2, -4, 8, 4]
(80, 1, 0) [-1, -2, 3, -291, 2, -3, -2, 3, -291, 2, -3, -2, 3, -291, 2, -3]
(80, 1, 1) [1, 47, -22, 2, -3, -2, 46, -22, 2, -3, -2, 46, -22, 2, -3, -2]
(81, 0, 0) [0, -3, -4, -8, -2, 4, 8, 2, -3, -4, -8, -2, 4, 8, 2, -3]
(81, 0, 1) [0, 15, -2, 7, 3, 9, -2, 15, -2, 7, 3, 9, -2, 15, -2, 7]
(81, 1, 0) [-1, -3, 8, -5, 36, -3, -3, 8, -5, 36, -3, -3, 8, -5, 36, -3]
(81, 1, 1) [1, 5, -4, -13, -6, 3, 3, 5, -4, -13, -6, 3, 3, 5, -4, -13]
(82, 0, 0) [0, -4, -2, 3, -5, 13, 7, -4, -2, 3, -5, 13, 7, -4, -2, 3]
(82, 0, 1) [0, -2, 3, -14, -12, 10, -2, 3, -14, -12, 10, -2, 3, -14, -12, 10]
(82, 1, 0) [-1, -3, 4, 3, -6, 5, 3, 3, 2, -2, 4, 3, -6, 5, 3, 3]
(82, 1, 1) [0, 38, -11, -30, 38, -11, -30, 38, -11, -30, 38, -11, -30, 38, -11, -30]
(83, 0, 0) [1, 16, -2, 34, -2, 5, 16, -2, 34, -2, 5, 16, -2, 34, -2, 5]
(83, 0, 1) [1, 5, -3, 3, 4, 3, 24, 5, -3, 3, 4, 3, 24, 5, -3, 3]
(83, 1, 0) [1, 9, 6, 22, 11, 9, 6, 22, 11, 9, 6, 22, 11, 9, 6, 22]
(83, 1, 1) [1, 2, -8, 2, -2, 141, 2, -8, 2, -2, 141, 2, -8, 2, -2, 141]
(84, 0, 0) [0, -2, 9, 7, 28, 3, -2, 9, 7, 28, 3, -2, 9, 7, 28, 3]
(84, 0, 1) [0, -4, -9, 358, -4, -9, 358, -4, -9, 358, -4, -9, 358, -4, -9, 358]
(84, 1, 0) [0, -3, 2, -2, 15, -3, 15, -3, 2, -2, 15, -3, 15, -3, 2, -2]
(84, 1, 1) [-1, -11, 21, -5, -11, -11, 21, -5, -11, -11, 21, -5, -11, -11, 21, -5]
(85, 0, 0) [1, 8, 5, 4, -14, 6, 8, 5, 4, -14, 6, 8, 5, 4, -14, 6]
(85, 0, 1) [0, -10, -18, 2, -6, 5, -10, -18, 2, -6, 5, -10, -18, 2, -6, 5]
(85, 1, 0) [-1, -5, -3, 2, -21, -18, -5, -3, 2, -21, -18, -5, -3, 2, -21, -18]
(85, 1, 1) [0, -2, 2, -2, 12, 2, -2, 3, 5, -2, 2, -2, 12, 2, -2, 3]
(86, 0, 0) [0, 13, -16, -60, 13, -16, -60, 13, -16, -60, 13, -16, -60, 13, -16, -60]
(86, 0, 1) [-1, -5, -3, 3, -5, 4, -12, -5, -3, 3, -5, 4, -12, -5, -3, 3]
(86, 1, 0) [0, -2, 2, -3, 3, -3, -3, -3, 4, 2, -2, 2, -3, 3, -3, -3]
(86, 1, 1) [0, -19, -38, 6, 3, -19, -38, 6, 3, -19, -38, 6, 3, -19, -38, 6]
(87, 0, 0) [0, 4, -4, 55, 2, -6, 4, -4, 55, 2, -6, 4, -4, 55, 2, -6]
(87, 0, 1) [0, 2, -3, -3, 7, 4, -3, -7, 2, -3, -3, 7, 4, -3, -7, 2]
(87, 1, 0) [0, 3, -1792, -2, 3, -1792, -2, 3, -1792, -2, 3, -1792, -2, 3, -1792, -2]
(87, 1, 1) [1, 3, 5, 2, -137, 4, 3, 5, 2, -137, 4, 3, 5, 2, -137, 4]
(88, 0, 0) [-1, -2, 2, -3, -28, 2, -13, -2, 2, -3, -28, 2, -13, -2, 2, -3]
(88, 0, 1) [0, 6, -44, -2, 5, -4, 6, -44, -2, 5, -4, 6, -44, -2, 5, -4]
(88, 1, 0) [0, 6, 18, -117, 6, 18, -117, 6, 18, -117, 6, 18, -117, 6, 18, -117]
(88, 1, 1) [0, 6, -9, -7, 10, -3, 6, -9, -7, 10, -3, 6, -9, -7, 10, -3]
(89, 0, 0) [0, 6, 2, -3, -2, 4, -7, 2, -2, 6, 2, -3, -2, 4, -7, 2]
(89, 0, 1) [-1, -11, 5, 2, -2, 2, -20, -11, 5, 2, -2, 2, -20, -11, 5, 2]
(89, 1, 0) [1, 3, 3, 5, 3, -17, 3, 3, 3, 3, 5, 3, -17, 3, 3, 3]
(89, 1, 1) [0, -2, 2, -4, -2, 10, 5, 6, -2, 2, -4, -2, 10, 5, 6, -2]
(90, 0, 0) [0, 63, 5, -3, -3, -5, 63, 5, -3, -3, -5, 63, 5, -3, -3, -5]
(90, 0, 1) [-1, -6, 5, 3, -9, 2, -7, -6, 5, 3, -9, 2, -7, -6, 5, 3]
(90, 1, 0) [-1, -2, 8, 3, -9, -3, 3, -3, -2, 8, 3, -9, -3, 3, -3, -2]
(90, 1, 1) [-1, -10, -4, -9, -37, -10, -4, -9, -37, -10, -4, -9, -37, -10, -4, -9]
(91, 0, 0) [0, -9, -4, -2, 8, 5, 3, 2, -9, -4, -2, 8, 5, 3, 2, -9]
(91, 0, 1) [1, 15, -2, 58, 7, 15, -2, 58, 7, 15, -2, 58, 7, 15, -2, 58]
(91, 1, 0) [1, 2, -4, 3, 9, -19, 3, 2, -4, 3, 9, -19, 3, 2, -4, 3]
(91, 1, 1) [0, 3, 3, 5, 6, 3, -20, 3, 3, 5, 6, 3, -20, 3, 3, 5]
(92, 0, 0) [1, 4, 2, -3, 34, -2, 7, 4, 2, -3, 34, -2, 7, 4, 2, -3]
(92, 0, 1) [0, 4, 3, 3, -28, -15, 4, 3, 3, -28, -15, 4, 3, 3, -28, -15]
(92, 1, 0) [0, -8, 2, -7, -2, 10, 5, -8, 2, -7, -2, 10, 5, -8, 2, -7]
(92, 1, 1) [0, -10, 6, 11, -3, -6, -11, 6, 11, -3, -6, -11, 6, 11, -3, -6]
(93, 0, 0) [-1, -7, 5, -2, 3, 6, 2, -4, -7, 5, -2, 3, 6, 2, -4, -7]
(93, 0, 1) [-1, -4, -3, -3, -2, 3, 27, -3, -4, -3, -3, -2, 3, 27, -3, -4]
(93, 1, 0) [0, 8, -11, 4, 16, -2, 8, -11, 4, 16, -2, 8, -11, 4, 16, -2]
(93, 1, 1) [0, 4, 6, 5, -18, -6, 4, 6, 5, -18, -6, 4, 6, 5, -18, -6]
(94, 0, 0) [0, -8, 3, -7, -8, -2, 4, -8, 3, -7, -8, -2, 4, -8, 3, -7]
(94, 0, 1) [0, 8, 2, -7, -111, 8, 2, -7, -111, 8, 2, -7, -111, 8, 2, -7]
(94, 1, 0) [-1, -68, -31, -6, -68, -31, -6, -68, -31, -6, -68, -31, -6, -68, -31, -6]
(94, 1, 1) [0, 9, -4, -5, 2, -6, -3, -2, 9, -4, -5, 2, -6, -3, -2, 9]
(95, 0, 0) [1, 4, 3, -3, 2, -9, -2, 8, 4, 3, -3, 2, -9, -2, 8, 4]
(95, 0, 1) [0, -7, -4, 5, 2, -2, 6, 3, -7, -4, 5, 2, -2, 6, 3, -7]
(95, 1, 0) [1, 5, 19, -15, 9, 5, 19, -15, 9, 5, 19, -15, 9, 5, 19, -15]
(95, 1, 1) [0, -8, -11, 2, -2, 3, -2, 3, -8, -11, 2, -2, 3, -2, 3, -8]
(96, 0, 0) [0, 6, -7, 17, 2, -4, -2, 6, -7, 17, 2, -4, -2, 6, -7, 17]
(96, 0, 1) [0, 9, 2, -3, 8, -25, 9, 2, -3, 8, -25, 9, 2, -3, 8, -25]
(96, 1, 0) [1, 3, 11, -3, -2, 4, 17, 3, 11, -3, -2, 4, 17, 3, 11, -3]
(96, 1, 1) [-1, -6, -9, 3, 3, 2, -17, -6, -9, 3, 3, 2, -17, -6, -9, 3]
(97, 0, 0) [1, 2, -5, -2, 5, 2, -4, 3, 5, 2, -5, -2, 5, 2, -4, 3]
(97, 0, 1) [-1, -3, -27, -7, -23, -3, -27, -7, -23, -3, -27, -7, -23, -3, -27, -7]
(97, 1, 0) [1, 4, -4, 2, -87, 4, 4, -4, 2, -87, 4, 4, -4, 2, -87, 4]
(97, 1, 1) [0, 2, -5, -1140, 2, -5, -1140, 2, -5, -1140, 2, -5, -1140, 2, -5, -1140]
(98, 0, 0) [0, 7, -69, 6, -4, 7, -69, 6, -4, 7, -69, 6, -4, 7, -69, 6]
(98, 0, 1) [0, 94, -5, 3, -8, 94, -5, 3, -8, 94, -5, 3, -8, 94, -5, 3]
(98, 1, 0) [1, 2, -30, -6, 4, 9, 2, -30, -6, 4, 9, 2, -30, -6, 4, 9]
(98, 1, 1) [0, 3, 8, 4, 2, -80, 3, 8, 4, 2, -80, 3, 8, 4, 2, -80]
(99, 0, 0) [-1, -2, 3, 12, -10, -3, -6, -2, 3, 12, -10, -3, -6, -2, 3, 12]
(99, 0, 1) [1, 6, -3, -5, 6, 23, 6, -3, -5, 6, 23, 6, -3, -5, 6, 23]
(99, 1, 0) [0, 12, -3, 4, -4, -2, 4, -2, 12, -3, 4, -4, -2, 4, -2, 12]
(99, 1, 1) [-1, -5, 3, 2, -11, -3, 3, -4, -5, 3, 2, -11, -3, 3, -4, -5]
(100, 0, 0) [0, -2, 6, 4, 2, -4, 13, 2, -2, 6, 4, 2, -4, 13, 2, -2]
(100, 0, 1) [-1, -6, -9, -5, -2, 3, 2, -4, -6, -9, -5, -2, 3, 2, -4, -6]
(100, 1, 0) [1, 8, 2, -57, 4, 4, 8, 2, -57, 4, 4, 8, 2, -57, 4, 4]
(100, 1, 1) [0, -3, 24, -4, 2, -2, 7, -3, 24, -4, 2, -2, 7, -3, 24, -4]
(101, 0, 0) [0, -11, -2, 5, -8, 13, -11, -2, 5, -8, 13, -11, -2, 5, -8, 13]
(101, 0, 1) [0, -4, 3, -3, -2, 171, -4, 3, -3, -2, 171, -4, 3, -3, -2, 171]
(101, 1, 0) [1, 5, 2, -32, 43, 5, 2, -32, 43, 5, 2, -32, 43, 5, 2, -32]
(101, 1, 1) [0, -2, 3, 6, 7, 3, -2, 6, -2, 3, 6, 7, 3, -2, 6, -2]
(102, 0, 0) [-1, -3, 35, 32, -4, -3, 35, 32, -4, -3, 35, 32, -4, -3, 35, 32]
(102, 0, 1) [-1, -36, 3, 3, -4, 2, -4, -36, 3, 3, -4, 2, -4, -36, 3, 3]
(102, 1, 0) [-1, -3, -9, -2, 12, 3, -7, -3, -9, -2, 12, 3, -7, -3, -9, -2]
(102, 1, 1) [1, 10, 159, 8, 10, 159, 8, 10, 159, 8, 10, 159, 8, 10, 159, 8]
(103, 0, 0) [0, 2, -8, -213, -3, 2, -8, -213, -3, 2, -8, -213, -3, 2, -8, -213]
(103, 0, 1) [0, -4, -3, -3, -12, -16, 2, -4, -3, -3, -12, -16, 2, -4, -3, -3]
(103, 1, 0) [1, 3, -8, -10, 51, 3, -8, -10, 51, 3, -8, -10, 51, 3, -8, -10]
(103, 1, 1) [1, 6, -3, 660, 6, -3, 660, 6, -3, 660, 6, -3, 660, 6, -3, 660]
(104, 0, 0) [0, 5, 6, -11, 3, -12, 5, 6, -11, 3, -12, 5, 6, -11, 3, -12]
(104, 0, 1) [-1, -3, 5, 5, -163, -3, 5, 5, -163, -3, 5, 5, -163, -3, 5, 5]
(104, 1, 0) [-1, -4, -6, -4, -15, -10, -4, -6, -4, -15, -10, -4, -6, -4, -15, -10]
(104, 1, 1) [0, -3, -49, -4, -5, 4, -3, -49, -4, -5, 4, -3, -49, -4, -5, 4]
(105, 0, 0) [-1, -2, 114, -2, 10, -3, -2, 114, -2, 10, -3, -2, 114, -2, 10, -3]
(105, 0, 1) [0, 3, -2, 8, -2, 3, 3, -10, 3, -2, 8, -2, 3, 3, -10, 3]
(105, 1, 0) [0, -3, 4, 3, -5, 2, -12, 2, -3, 4, 3, -5, 2, -12, 2, -3]
(105, 1, 1) [0, 15, -4, 2, -3, 6, -4, 15, -4, 2, -3, 6, -4, 15, -4, 2]
(106, 0, 0) [0, 2, -4, -10, -8, -2, 3, -2, 2, -4, -10, -8, -2, 3, -2, 2]
(106, 0, 1) [0, 3, 9, 25, -19, 3, 9, 25, -19, 3, 9, 25, -19, 3, 9, 25]
(106, 1, 0) [-1, -2, 4, -4, -4, 3, -27, -2, 4, -4, -4, 3, -27, -2, 4, -4]
(106, 1, 1) [1, 2, -28, 21, 11, 2, -28, 21, 11, 2, -28, 21, 11, 2, -28, 21]
(107, 0, 0) [0, -3, -10, -42, -4, 2, -3, -10, -42, -4, 2, -3, -10, -42, -4, 2]
(107, 0, 1) [1, 5, 7, 7, -3, 17, 5, 7, 7, -3, 17, 5, 7, 7, -3, 17]
(107, 1, 0) [-1, -15, 9, -9, 3, -3, -15, 9, -9, 3, -3, -15, 9, -9, 3, -3]
(107, 1, 1) [-1, -3, 4, 2, -5, 6, -16, -3, 4, 2, -5, 6, -16, -3, 4, 2]
(108, 0, 0) [1, 3, 60, -3, -2, 5, 3, 3, 60, -3, -2, 5, 3, 3, 60, -3]
(108, 0, 1) [0, 34, 5, 3, 6, 2, -2, 34, 5, 3, 6, 2, -2, 34, 5, 3]
(108, 1, 0) [0, 4, 7, 4, 23, -5, 4, 7, 4, 23, -5, 4, 7, 4, 23, -5]
(108, 1, 1) [0, -19, 4, 5, -2, 15, -19, 4, 5, -2, 15, -19, 4, 5, -2, 15]
(109, 0, 0) [0, 4, -6, -3, 14, -12, 4, -6, -3, 14, -12, 4, -6, -3, 14, -12]
(109, 0, 1) [0, -2, 5, -77, -4, 3, -2, 5, -77, -4, 3, -2, 5, -77, -4, 3]
(109, 1, 0) [0, -3, 14, -5, 4, 3, 5, -3, 14, -5, 4, 3, 5, -3, 14, -5]
(109, 1, 1) [0, 16, -4, -2, 2, -3, -4, 3, 17, -4, -2, 2, -3, -4, 3, 17]
(110, 0, 0) [1, 6, 3, -4, -3, 61, 6, 3, -4, -3, 61, 6, 3, -4, -3, 61]
(110, 0, 1) [1, 5, 4, -11, -3, 20, 5, 4, -11, -3, 20, 5, 4, -11, -3, 20]
(110, 1, 0) [-1, -5, 15, -2, 3, 2, -13, -5, 15, -2, 3, 2, -13, -5, 15, -2]
(110, 1, 1) [0, 8, -5, -4, -2, 5, -8, 8, -5, -4, -2, 5, -8, 8, -5, -4]
(111, 0, 0) [-1, -2, 3, -10, -4, -2, 9, -3, -2, 3, -10, -4, -2, 9, -3, -2]
(111, 0, 1) [0, 2, -2, 3, 8, 3, -6, -5, 2, -2, 3, 8, 3, -6, -5, 2]
(111, 1, 0) [1, 6, 9, -6, -4, 10, 6, 9, -6, -4, 10, 6, 9, -6, -4, 10]
(111, 1, 1) [0, -10, -8, -51, 3, -10, -8, -51, 3, -10, -8, -51, 3, -10, -8, -51]
(112, 0, 0) [0, 16, -3, -125, -2, 16, -3, -125, -2, 16, -3, -125, -2, 16, -3, -125]
(112, 0, 1) [-1, -4, -3, 3, 2, -5, -10, -4, -4, -3, 3, 2, -5, -10, -4, -4]
(112, 1, 0) [0, 9, 2, -6, -54, -2, 9, 2, -6, -54, -2, 9, 2, -6, -54, -2]
(112, 1, 1) [0, -3, -6, 3, 8, -3, -4, 2, -3, -6, 3, 8, -3, -4, 2, -3]
(113, 0, 0) [0, 2, -8, -17, -7, 2, -2, 2, -8, -17, -7, 2, -2, 2, -8, -17]
(113, 0, 1) [0, -2, 7, -5, 3, -5, -3, -3, -3, 7, -5, 3, -5, -3, -3, -3]
(113, 1, 0) [0, 8, -91, 2, -4, -2, 8, -91, 2, -4, -2, 8, -91, 2, -4, -2]
(113, 1, 1) [-1, -7, -2, 2, -7, -3, -7, -3, -7, -2, 2, -7, -3, -7, -3, -7]

