


Discriminant of quadratic order and factorisation :
221 	 [13, 1; 17, 1] 

Class group : structure, generators, unit :
[2, [2], [Qfb(5, 9, -7)], 2.70357583093140] 	 unit =  7 + w 	 norm unit =  1 

List and structure of elments in class group :
[((0,), Qfb(1, 13, -13)), ((1,), Qfb(5, 9, -7))] 

Group element : Euclid CF expansion a0+1/(a1+1/(...)):
(0,) [0, 1, 13, 1, 13, 1, 13, 1, 13, 1, 13, 1, 13, 1, 13, 1, 13, 1, 13, 1, 13, 1, 13, 1]
(1,) [0, 2, 1, 1, 2, 2, 1, 1, 2, 2, 1, 1, 2, 2, 1, 1, 2, 2, 1, 1, 2, 2, 1, 1]



Discriminant of quadratic order and factorisation :
1517 	 [37, 1; 41, 1] 

Class group : structure, generators, unit :
[2, [2], [Qfb(13, 29, -13)], 3.66290353459997] 	 unit =  19 + w 	 norm unit =  1 

List and structure of elments in class group :
[((0,), Qfb(1, 37, -37)), ((1,), Qfb(19, 15, -17))] 

Group element : Euclid CF expansion a0+1/(a1+1/(...)):
(0,) [0, 1, 37, 1, 37, 1, 37, 1, 37, 1, 37, 1, 37, 1, 37, 1, 37, 1, 37, 1, 37, 1, 37, 1]
(1,) [0, 2, 1, 1, 1, 1, 2, 2, 1, 1, 1, 1, 2, 2, 1, 1, 1, 1, 2, 2, 1, 1, 1, 1]



Discriminant of quadratic order and factorisation :
71285 	 [5, 1; 53, 1; 269, 1] 

Class group : structure, generators, unit :
[16, [8, 2], [Qfb(31, 213, -209), Qfb(23, 243, -133)], 5.58723463069553] 	 unit =  133 + w 	 norm unit =  1 

List and structure of elments in class group :
[((0, 0), Qfb(1, 265, -265)), ((0, 1), Qfb(23, 243, -133)), ((1, 0), Qfb(35, 215, -179)), ((1, 1), Qfb(-17, 257, 77)), ((2, 0), Qfb(-119, 219, 49)), ((2, 1), Qfb(-67, 209, 103)), ((3, 0), Qfb(-101, 123, 139)), ((3, 1), Qfb(7, 261, -113)), ((4, 0), Qfb(-89, 199, 89)), ((4, 1), Qfb(-53, 265, 5)), ((5, 0), Qfb(101, 79, -161)), ((5, 1), Qfb(77, 191, -113)), ((6, 0), Qfb(119, 257, -11)), ((6, 1), Qfb(-67, 193, 127)), ((7, 0), Qfb(-31, 221, 181)), ((7, 1), Qfb(107, 175, -95))] 

Group element : Euclid CF expansion a0+1/(a1+1/(...)):
(0, 0) [0, 1, 265, 1, 265, 1, 265, 1, 265, 1, 265, 1, 265, 1, 265, 1, 265, 1, 265, 1, 265, 1, 265, 1]
(0, 1) [0, 1, 1, 11, 11, 1, 1, 11, 11, 1, 1, 11, 11, 1, 1, 11, 11, 1, 1, 11, 11, 1, 1, 11]
(1, 0) [0, 1, 2, 1, 7, 1, 6, 1, 2, 1, 7, 1, 6, 1, 2, 1, 7, 1, 6, 1, 2, 1, 7, 1]
(1, 1) [-1, 1, 2, 2, 2, 15, 3, 2, 2, 15, 3, 2, 2, 15, 3, 2, 2, 15, 3, 2, 2, 15, 3, 2]
(2, 0) [-1, 1, 3, 1, 23, 2, 4, 1, 23, 2, 4, 1, 23, 2, 4, 1, 23, 2, 4, 1, 23, 2, 4, 1]
(2, 1) [-1, 1, 1, 3, 4, 1, 1, 3, 2, 3, 4, 1, 1, 3, 2, 3, 4, 1, 1, 3, 2, 3, 4, 1]
(3, 0) [-1, 3, 2, 13, 1, 1, 1, 2, 2, 13, 1, 1, 1, 2, 2, 13, 1, 1, 1, 2, 2, 13, 1, 1]
(3, 1) [0, 2, 2, 1, 37, 2, 2, 1, 37, 2, 2, 1, 37, 2, 2, 1, 37, 2, 2, 1, 37, 2, 2, 1]
(4, 0) [-1, 1, 1, 1, 1, 1, 1, 1, 1, 1, 1, 2, 2, 1, 1, 1, 1, 1, 1, 1, 1, 2, 2, 1]
(4, 1) [-1, 1, 52, 5, 53, 5, 53, 5, 53, 5, 53, 5, 53, 5, 53, 5, 53, 5, 53, 5, 53, 5, 53, 5]
(5, 0) [0, 1, 13, 2, 2, 1, 1, 1, 13, 2, 2, 1, 1, 1, 13, 2, 2, 1, 1, 1, 13, 2, 2, 1]
(5, 1) [0, 2, 37, 1, 2, 2, 37, 1, 2, 2, 37, 1, 2, 2, 37, 1, 2, 2, 37, 1, 2, 2, 37, 1]
(6, 0) [0, 23, 1, 4, 2, 23, 1, 4, 2, 23, 1, 4, 2, 23, 1, 4, 2, 23, 1, 4, 2, 23, 1, 4]
(6, 1) [-1, 2, 4, 3, 2, 3, 1, 1, 4, 3, 2, 3, 1, 1, 4, 3, 2, 3, 1, 1, 4, 3, 2, 3]
(7, 0) [-1, 3, 1, 6, 1, 7, 1, 2, 1, 6, 1, 7, 1, 2, 1, 6, 1, 7, 1, 2, 1, 6, 1, 7]
(7, 1) [0, 2, 3, 15, 2, 2, 3, 15, 2, 2, 3, 15, 2, 2, 3, 15, 2, 2, 3, 15, 2, 2, 3, 15]



Discriminant of quadratic order and factorisation :
488597 	 [17, 1; 41, 1; 701, 1] 

Class group : structure, generators, unit :
[24, [12, 2], [Qfb(37, 673, -241), Qfb(41, 697, -17)], 6.54964869556778] 	 unit =  349 + w 	 norm unit =  1 

List and structure of elments in class group :
[((0, 0), Qfb(1, 697, -697)), ((0, 1), Qfb(17, 697, -41)), ((1, 0), Qfb(161, 565, -263)), ((1, 1), Qfb(107, 563, -401)), ((2, 0), Qfb(-119, 527, 443)), ((2, 1), Qfb(-7, 695, 199)), ((3, 0), Qfb(157, 493, -391)), ((3, 1), Qfb(329, 677, -23)), ((4, 0), Qfb(49, 667, -223)), ((4, 1), Qfb(-167, 651, 97)), ((5, 0), Qfb(427, 639, -47)), ((5, 1), Qfb(241, 291, -419)), ((6, 0), Qfb(-83, 679, 83)), ((6, 1), Qfb(317, 327, -301)), ((7, 0), Qfb(-161, 677, 47)), ((7, 1), Qfb(37, 659, -367)), ((8, 0), Qfb(223, 667, -49)), ((8, 1), Qfb(167, 685, -29)), ((9, 0), Qfb(-67, 613, 421)), ((9, 1), Qfb(61, 581, -619)), ((10, 0), Qfb(-287, 369, 307)), ((10, 1), Qfb(7, 691, -397)), ((11, 0), Qfb(281, 469, -239)), ((11, 1), Qfb(-73, 593, 469))] 

Group element : Euclid CF expansion a0+1/(a1+1/(...)):
(0, 0) [0, 1, 697, 1, 697, 1, 697, 1, 697, 1, 697, 1, 697, 1, 697, 1, 697, 1, 697, 1, 697, 1, 697, 1]
(0, 1) [0, 41, 17, 41, 17, 41, 17, 41, 17, 41, 17, 41, 17, 41, 17, 41, 17, 41, 17, 41, 17, 41, 17, 41]
(1, 0) [-1, 2, 1, 3, 4, 14, 1, 1, 1, 3, 4, 14, 1, 1, 1, 3, 4, 14, 1, 1, 1, 3, 4, 14]
(1, 1) [0, 2, 18, 1, 1, 5, 1, 2, 18, 1, 1, 5, 1, 2, 18, 1, 1, 5, 1, 2, 18, 1, 1, 5]
(2, 0) [-1, 1, 4, 1, 2, 1, 1, 1, 1, 6, 5, 1, 2, 1, 1, 1, 1, 6, 5, 1, 2, 1, 1, 1]
(2, 1) [-1, 1, 2, 1, 1, 99, 3, 1, 1, 99, 3, 1, 1, 99, 3, 1, 1, 99, 3, 1, 1, 99, 3, 1]
(3, 0) [-1, 4, 1, 3, 1, 9, 1, 1, 1, 3, 1, 3, 1, 9, 1, 1, 1, 3, 1, 3, 1, 9, 1, 1]
(3, 1) [0, 10, 1, 29, 2, 10, 1, 29, 2, 10, 1, 29, 2, 10, 1, 29, 2, 10, 1, 29, 2, 10, 1, 29]
(4, 0) [0, 1, 13, 3, 15, 1, 13, 3, 15, 1, 13, 3, 15, 1, 13, 3, 15, 1, 13, 3, 15, 1, 13, 3]
(4, 1) [-1, 24, 4, 6, 1, 23, 4, 6, 1, 23, 4, 6, 1, 23, 4, 6, 1, 23, 4, 6, 1, 23, 4, 6]
(5, 0) [-1, 1, 1, 2, 3, 1, 12, 2, 2, 2, 3, 1, 12, 2, 2, 2, 3, 1, 12, 2, 2, 2, 3, 1]
(5, 1) [0, 1, 1, 5, 1, 8, 1, 2, 1, 1, 1, 5, 1, 8, 1, 2, 1, 1, 1, 5, 1, 8, 1, 2]
(6, 0) [0, 3, 8, 8, 3, 3, 8, 8, 3, 3, 8, 8, 3, 3, 8, 8, 3, 3, 8, 8, 3, 3, 8, 8]
(6, 1) [-1, 3, 2, 1, 1, 1, 1, 1, 1, 1, 1, 1, 1, 2, 2, 1, 1, 1, 1, 1, 1, 1, 1, 1]
(7, 0) [-1, 1, 1, 2, 2, 12, 1, 3, 2, 2, 2, 12, 1, 3, 2, 2, 2, 12, 1, 3, 2, 2, 2, 12]
(7, 1) [0, 1, 8, 1, 5, 1, 1, 1, 2, 1, 8, 1, 5, 1, 1, 1, 2, 1, 8, 1, 5, 1, 1, 1]
(8, 0) [-1, 1, 2, 13, 1, 15, 3, 13, 1, 15, 3, 13, 1, 15, 3, 13, 1, 15, 3, 13, 1, 15, 3, 13]
(8, 1) [0, 1, 6, 4, 23, 1, 6, 4, 23, 1, 6, 4, 23, 1, 6, 4, 23, 1, 6, 4, 23, 1, 6, 4]
(9, 0) [0, 1, 3, 1, 1, 1, 9, 1, 3, 1, 3, 1, 1, 1, 9, 1, 3, 1, 3, 1, 1, 1, 9, 1]
(9, 1) [0, 1, 10, 2, 29, 1, 10, 2, 29, 1, 10, 2, 29, 1, 10, 2, 29, 1, 10, 2, 29, 1, 10, 2]
(10, 0) [-1, 6, 6, 1, 1, 1, 1, 2, 1, 5, 6, 1, 1, 1, 1, 2, 1, 5, 6, 1, 1, 1, 1, 2]
(10, 1) [0, 1, 1, 3, 99, 1, 1, 3, 99, 1, 1, 3, 99, 1, 1, 3, 99, 1, 1, 3, 99, 1, 1, 3]
(11, 0) [0, 1, 14, 4, 3, 1, 1, 1, 14, 4, 3, 1, 1, 1, 14, 4, 3, 1, 1, 1, 14, 4, 3, 1]
(11, 1) [0, 18, 2, 1, 5, 1, 1, 18, 2, 1, 5, 1, 1, 18, 2, 1, 5, 1, 1, 18, 2, 1, 5, 1]



Discriminant of quadratic order and factorisation :
22953677 	 [4789, 1; 4793, 1] 

Class group : structure, generators, unit :
[78, [78], [Qfb(61, 4787, -157)], 8.47449439331712] 	 unit =  2395 + w 	 norm unit =  1 

List and structure of elments in class group :
[((0,), Qfb(1, 4789, -4789)), ((1,), Qfb(449, 4667, -653)), ((2,), Qfb(-139, 4555, 3967)), ((3,), Qfb(857, 4189, -1577)), ((4,), Qfb(41, 4729, -3599)), ((5,), Qfb(827, 4075, -1919)), ((6,), Qfb(-1009, 3311, 2971)), ((7,), Qfb(2203, 3929, -853)), ((8,), Qfb(1723, 4461, -443)), ((9,), Qfb(1801, 2351, -2419)), ((10,), Qfb(-2861, 4659, 109)), ((11,), Qfb(-421, 3995, 4153)), ((12,), Qfb(-19, 4779, 1511)), ((13,), Qfb(-59, 4729, 2501)), ((14,), Qfb(-937, 3395, 3049)), ((15,), Qfb(359, 4169, -3881)), ((16,), Qfb(1291, 3129, -2549)), ((17,), Qfb(61, 4787, -157)), ((18,), Qfb(-1867, 2013, 2531)), ((19,), Qfb(-1459, 2675, 2707)), ((20,), Qfb(-107, 4589, 4427)), ((21,), Qfb(-1307, 3143, 2501)), ((22,), Qfb(397, 4163, -3541)), ((23,), Qfb(839, 4527, -733)), ((24,), Qfb(-1439, 4569, 361)), ((25,), Qfb(-491, 4389, 1879)), ((26,), Qfb(-347, 4765, 179)), ((27,), Qfb(113, 4643, -3089)), ((28,), Qfb(-1063, 4691, 223)), ((29,), Qfb(257, 4587, -1861)), ((30,), Qfb(-2609, 2561, 1571)), ((31,), Qfb(1007, 3619, -2447)), ((32,), Qfb(613, 3851, -3313)), ((33,), Qfb(-151, 4685, 1663)), ((34,), Qfb(941, 4411, -929)), ((35,), Qfb(-271, 4785, 53)), ((36,), Qfb(1021, 3087, -3287)), ((37,), Qfb(719, 3483, -3763)), ((38,), Qfb(-3163, 4529, 193)), ((39,), Qfb(-1597, 2817, 2351)), ((40,), Qfb(-1559, 4439, 521)), ((41,), Qfb(-719, 3707, 3203)), ((42,), Qfb(-1021, 3039, 3359)), ((43,), Qfb(271, 4429, -3079)), ((44,), Qfb(229, 4421, -3721)), ((45,), Qfb(151, 4677, -1787)), ((46,), Qfb(233, 4589, -2033)), ((47,), Qfb(811, 3673, -2917)), ((48,), Qfb(-1523, 3435, 1831)), ((49,), Qfb(1159, 4607, -373)), ((50,), Qfb(1063, 3813, -1979)), ((51,), Qfb(-1237, 2573, 3301)), ((52,), Qfb(347, 4257, -3481)), ((53,), Qfb(-1609, 1987, 2953)), ((54,), Qfb(-1117, 2637, 3581)), ((55,), Qfb(2393, 923, -2309)), ((56,), Qfb(1297, 3211, -2437)), ((57,), Qfb(-167, 4653, 1951)), ((58,), Qfb(107, 4613, -3911)), ((59,), Qfb(2399, 3517, -1103)), ((60,), Qfb(-3233, 2347, 1349)), ((61,), Qfb(-61, 4729, 2419)), ((62,), Qfb(317, 4259, -3797)), ((63,), Qfb(2213, 4405, -401)), ((64,), Qfb(-1637, 2447, 2591)), ((65,), Qfb(59, 4711, -3221)), ((66,), Qfb(19, 4759, -4021)), ((67,), Qfb(421, 4425, -2003)), ((68,), Qfb(-2641, 3999, 659)), ((69,), Qfb(-83, 4775, 461)), ((70,), Qfb(-1681, 4209, 779)), ((71,), Qfb(-101, 4611, 4189)), ((72,), Qfb(-71, 4753, 1277)), ((73,), Qfb(1619, 2281, -2741)), ((74,), Qfb(-41, 4783, 467)), ((75,), Qfb(-857, 4381, 1097)), ((76,), Qfb(139, 4619, -2911)), ((77,), Qfb(-449, 4313, 2423))] 

Group element : Euclid CF expansion a0+1/(a1+1/(...)):
(0,) [0, 1, 4789, 1, 4789, 1, 4789, 1, 4789, 1, 4789, 1, 4789, 1, 4789, 1, 4789, 1, 4789, 1, 4789, 1, 4789, 1]
(1,) [0, 5, 1, 2, 4, 1, 1, 2, 1, 1, 4, 5, 1, 2, 4, 1, 1, 2, 1, 1, 4, 5, 1, 2]
(2,) [-1, 2, 1, 4, 5, 1, 14, 3, 1, 1, 1, 4, 5, 1, 14, 3, 1, 1, 1, 4, 5, 1, 14, 3]
(3,) [-1, 1, 1, 11, 2, 6, 1, 12, 2, 11, 2, 6, 1, 12, 2, 11, 2, 6, 1, 12, 2, 11, 2, 6]
(4,) [0, 1, 3, 3, 2, 20, 7, 1, 3, 3, 2, 20, 7, 1, 3, 3, 2, 20, 7, 1, 3, 3, 2, 20]
(5,) [-1, 1, 3, 7, 1, 1, 10, 7, 4, 7, 1, 1, 10, 7, 4, 7, 1, 1, 10, 7, 4, 7, 1, 1]
(6,) [0, 2, 4, 16, 1, 2, 2, 1, 2, 2, 4, 16, 1, 2, 2, 1, 2, 2, 4, 16, 1, 2, 2, 1]
(7,) [-1, 1, 29, 1, 1, 78, 30, 1, 1, 78, 30, 1, 1, 78, 30, 1, 1, 78, 30, 1, 1, 78, 30, 1]
(8,) [-1, 3, 1, 1, 11, 1, 2, 1, 4, 2, 1, 2, 1, 1, 11, 1, 2, 1, 4, 2, 1, 2, 1, 1]
(9,) [0, 1, 5, 1, 1, 1, 2, 31, 2, 1, 5, 1, 1, 1, 2, 31, 2, 1, 5, 1, 1, 1, 2, 31]
(10,) [0, 1, 1, 1, 1, 1, 1, 33, 1, 5, 1, 1, 1, 1, 1, 1, 1, 33, 1, 5, 1, 1, 1, 1]
(11,) [-1, 1, 11, 1, 1, 2, 18, 4, 12, 1, 1, 2, 18, 4, 12, 1, 1, 2, 18, 4, 12, 1, 1, 2]
(12,) [0, 1, 1, 1, 1, 1, 4, 1, 1, 1, 2, 1, 9, 1, 1, 1, 1, 1, 4, 1, 1, 1, 2, 1]
(13,) [0, 9, 1, 1, 80, 1, 2, 9, 1, 1, 80, 1, 2, 9, 1, 1, 80, 1, 2, 9, 1, 1, 80, 1]
(14,) [-1, 1, 7, 1, 4, 4, 1, 20, 8, 1, 4, 4, 1, 20, 8, 1, 4, 4, 1, 20, 8, 1, 4, 4]
(15,) [0, 4, 5, 2, 1, 5, 1, 1, 5, 4, 5, 2, 1, 5, 1, 1, 5, 4, 5, 2, 1, 5, 1, 1]
(16,) [-1, 4, 21, 4, 2, 5, 1, 3, 21, 4, 2, 5, 1, 3, 21, 4, 2, 5, 1, 3, 21, 4, 2, 5]
(17,) [-1, 4, 1, 1, 2, 1, 2, 1, 1, 1, 3, 3, 1, 3, 1, 1, 2, 1, 2, 1, 1, 1, 3, 3]
(18,) [0, 3, 251, 1, 5, 3, 251, 1, 5, 3, 251, 1, 5, 3, 251, 1, 5, 3, 251, 1, 5, 3, 251, 1]
(19,) [-1, 18, 90, 2, 1, 17, 90, 2, 1, 17, 90, 2, 1, 17, 90, 2, 1, 17, 90, 2, 1, 17, 90, 2]
(20,) [0, 1, 3, 10, 116, 1, 3, 10, 116, 1, 3, 10, 116, 1, 3, 10, 116, 1, 3, 10, 116, 1, 3, 10]
(21,) [0, 1, 2, 1, 8, 1, 1, 1, 41, 1, 2, 1, 8, 1, 1, 1, 41, 1, 2, 1, 8, 1, 1, 1]
(22,) [-1, 1, 42, 1, 16, 1, 4, 1, 43, 1, 16, 1, 4, 1, 43, 1, 16, 1, 4, 1, 43, 1, 16, 1]
(23,) [0, 1, 10, 2, 3, 3, 17, 1, 10, 2, 3, 3, 17, 1, 10, 2, 3, 3, 17, 1, 10, 2, 3, 3]
(24,) [0, 1, 5, 24, 6, 1, 3, 1, 5, 24, 6, 1, 3, 1, 5, 24, 6, 1, 3, 1, 5, 24, 6, 1]
(25,) [0, 2, 3, 4, 2, 3, 1, 2, 5, 2, 3, 4, 2, 3, 1, 2, 5, 2, 3, 4, 2, 3, 1, 2]
(26,) [-1, 4, 2, 1, 26, 13, 1, 3, 2, 1, 26, 13, 1, 3, 2, 1, 26, 13, 1, 3, 2, 1, 26, 13]
(27,) [-1, 1, 2, 1, 1, 1, 2, 2, 2, 28, 3, 1, 1, 1, 2, 2, 2, 28, 3, 1, 1, 1, 2, 2]
(28,) [-1, 2, 6, 1, 2, 43, 1, 1, 1, 1, 6, 1, 2, 43, 1, 1, 1, 1, 6, 1, 2, 43, 1, 1]
(29,) [0, 1, 10, 16, 3, 1, 5, 1, 10, 16, 3, 1, 5, 1, 10, 16, 3, 1, 5, 1, 10, 16, 3, 1]
(30,) [-1, 4, 67, 4, 1, 2, 1, 3, 67, 4, 1, 2, 1, 3, 67, 4, 1, 2, 1, 3, 67, 4, 1, 2]
(31,) [0, 1, 6, 1, 3, 2, 2, 9, 2, 1, 6, 1, 3, 2, 2, 9, 2, 1, 6, 1, 3, 2, 2, 9]
(32,) [-1, 4, 1, 3, 1, 1, 1, 1, 3, 11, 1, 3, 1, 3, 1, 1, 1, 1, 3, 11, 1, 3, 1, 3]
(33,) [-1, 58, 10, 2, 1, 1, 1, 57, 10, 2, 1, 1, 1, 57, 10, 2, 1, 1, 1, 57, 10, 2, 1, 1]
(34,) [0, 6, 1, 8, 2, 1, 24, 6, 1, 8, 2, 1, 24, 6, 1, 8, 2, 1, 24, 6, 1, 8, 2, 1]
(35,) [-1, 1, 7, 1, 46, 1, 1, 5, 8, 1, 46, 1, 1, 5, 8, 1, 46, 1, 1, 5, 8, 1, 46, 1]
(36,) [0, 1, 26, 1, 12, 3, 3, 1, 26, 1, 12, 3, 3, 1, 26, 1, 12, 3, 3, 1, 26, 1, 12, 3]
(37,) [0, 2, 1, 4, 4, 1, 1, 5, 6, 2, 1, 4, 4, 1, 1, 5, 6, 2, 1, 4, 4, 1, 1, 5]
(38,) [0, 1, 3, 2, 10, 2, 1, 2, 5, 1, 3, 2, 10, 2, 1, 2, 5, 1, 3, 2, 10, 2, 1, 2]
(39,) [0, 1, 1, 1, 1, 1, 1, 1, 1, 1, 1, 1, 2, 2, 1, 1, 1, 1, 1, 1, 1, 1, 1, 1]
(40,) [-1, 6, 2, 1, 2, 10, 2, 3, 1, 5, 2, 1, 2, 10, 2, 3, 1, 5, 2, 1, 2, 10, 2, 3]
(41,) [0, 1, 2, 6, 5, 1, 1, 4, 4, 1, 2, 6, 5, 1, 1, 4, 4, 1, 2, 6, 5, 1, 1, 4]
(42,) [-1, 4, 3, 12, 1, 26, 1, 3, 3, 12, 1, 26, 1, 3, 3, 12, 1, 26, 1, 3, 3, 12, 1, 26]
(43,) [-1, 9, 5, 1, 1, 46, 1, 8, 5, 1, 1, 46, 1, 8, 5, 1, 1, 46, 1, 8, 5, 1, 1, 46]
(44,) [0, 24, 1, 2, 8, 1, 6, 24, 1, 2, 8, 1, 6, 24, 1, 2, 8, 1, 6, 24, 1, 2, 8, 1]
(45,) [0, 1, 1, 1, 2, 10, 57, 1, 1, 1, 2, 10, 57, 1, 1, 1, 2, 10, 57, 1, 1, 1, 2, 10]
(46,) [0, 1, 11, 3, 1, 1, 1, 1, 3, 1, 3, 1, 11, 3, 1, 1, 1, 1, 3, 1, 3, 1, 11, 3]
(47,) [-1, 3, 9, 2, 2, 3, 1, 6, 1, 2, 9, 2, 2, 3, 1, 6, 1, 2, 9, 2, 2, 3, 1, 6]
(48,) [-1, 1, 2, 1, 2, 1, 4, 67, 3, 1, 2, 1, 4, 67, 3, 1, 2, 1, 4, 67, 3, 1, 2, 1]
(49,) [-1, 6, 1, 3, 16, 10, 1, 5, 1, 3, 16, 10, 1, 5, 1, 3, 16, 10, 1, 5, 1, 3, 16, 10]
(50,) [0, 2, 1, 6, 1, 1, 1, 1, 43, 2, 1, 6, 1, 1, 1, 1, 43, 2, 1, 6, 1, 1, 1, 1]
(51,) [-1, 2, 1, 3, 28, 2, 2, 2, 1, 1, 1, 3, 28, 2, 2, 2, 1, 1, 1, 3, 28, 2, 2, 2]
(52,) [0, 26, 1, 2, 3, 1, 13, 26, 1, 2, 3, 1, 13, 26, 1, 2, 3, 1, 13, 26, 1, 2, 3, 1]
(53,) [-1, 1, 1, 1, 3, 2, 4, 3, 2, 5, 2, 1, 3, 2, 4, 3, 2, 5, 2, 1, 3, 2, 4, 3]
(54,) [-1, 4, 1, 6, 24, 5, 1, 3, 1, 6, 24, 5, 1, 3, 1, 6, 24, 5, 1, 3, 1, 6, 24, 5]
(55,) [-1, 1, 2, 3, 2, 10, 1, 17, 3, 3, 2, 10, 1, 17, 3, 3, 2, 10, 1, 17, 3, 3, 2, 10]
(56,) [-1, 17, 1, 43, 1, 4, 1, 16, 1, 43, 1, 4, 1, 16, 1, 43, 1, 4, 1, 16, 1, 43, 1, 4]
(57,) [-1, 2, 1, 8, 1, 2, 1, 41, 1, 1, 1, 8, 1, 2, 1, 41, 1, 1, 1, 8, 1, 2, 1, 41]
(58,) [-1, 1, 9, 3, 1, 116, 10, 3, 1, 116, 10, 3, 1, 116, 10, 3, 1, 116, 10, 3, 1, 116, 10, 3]
(59,) [-1, 1, 16, 1, 2, 90, 17, 1, 2, 90, 17, 1, 2, 90, 17, 1, 2, 90, 17, 1, 2, 90, 17, 1]
(60,) [0, 251, 3, 5, 1, 251, 3, 5, 1, 251, 3, 5, 1, 251, 3, 5, 1, 251, 3, 5, 1, 251, 3, 5]
(61,) [-1, 1, 2, 1, 3, 3, 1, 1, 1, 2, 1, 2, 1, 1, 3, 1, 3, 3, 1, 1, 1, 2, 1, 2]
(62,) [-1, 1, 2, 1, 5, 2, 4, 21, 3, 1, 5, 2, 4, 21, 3, 1, 5, 2, 4, 21, 3, 1, 5, 2]
(63,) [-1, 1, 3, 5, 1, 1, 5, 1, 2, 5, 4, 5, 1, 1, 5, 1, 2, 5, 4, 5, 1, 1, 5, 1]
(64,) [-1, 1, 19, 1, 4, 4, 1, 8, 20, 1, 4, 4, 1, 8, 20, 1, 4, 4, 1, 8, 20, 1, 4, 4]
(65,) [-1, 1, 8, 2, 1, 80, 1, 1, 9, 2, 1, 80, 1, 1, 9, 2, 1, 80, 1, 1, 9, 2, 1, 80]
(66,) [0, 1, 1, 1, 1, 9, 1, 2, 1, 1, 1, 4, 1, 1, 1, 1, 1, 9, 1, 2, 1, 1, 1, 4]
(67,) [0, 12, 4, 18, 2, 1, 1, 12, 4, 18, 2, 1, 1, 12, 4, 18, 2, 1, 1, 12, 4, 18, 2, 1]
(68,) [-1, 2, 1, 1, 1, 1, 5, 1, 33, 1, 1, 1, 1, 1, 1, 1, 5, 1, 33, 1, 1, 1, 1, 1]
(69,) [0, 5, 1, 2, 31, 2, 1, 1, 1, 5, 1, 2, 31, 2, 1, 1, 1, 5, 1, 2, 31, 2, 1, 1]
(70,) [-1, 1, 1, 1, 2, 4, 1, 2, 1, 11, 1, 1, 2, 1, 2, 4, 1, 2, 1, 11, 1, 1, 2, 1]
(71,) [-1, 1, 77, 1, 1, 30, 78, 1, 1, 30, 78, 1, 1, 30, 78, 1, 1, 30, 78, 1, 1, 30, 78, 1]
(72,) [-1, 1, 1, 2, 1, 2, 2, 1, 16, 4, 2, 2, 1, 2, 2, 1, 16, 4, 2, 2, 1, 2, 2, 1]
(73,) [0, 4, 7, 10, 1, 1, 7, 4, 7, 10, 1, 1, 7, 4, 7, 10, 1, 1, 7, 4, 7, 10, 1, 1]
(74,) [0, 3, 1, 7, 20, 2, 3, 3, 1, 7, 20, 2, 3, 3, 1, 7, 20, 2, 3, 3, 1, 7, 20, 2]
(75,) [0, 2, 12, 1, 6, 2, 11, 2, 12, 1, 6, 2, 11, 2, 12, 1, 6, 2, 11, 2, 12, 1, 6, 2]
(76,) [0, 1, 1, 1, 3, 14, 1, 5, 4, 1, 1, 1, 3, 14, 1, 5, 4, 1, 1, 1, 3, 14, 1, 5]
(77,) [0, 1, 5, 4, 1, 1, 2, 1, 1, 4, 2, 1, 5, 4, 1, 1, 2, 1, 1, 4, 2, 1, 5, 4]



Discriminant of quadratic order and factorisation :
157326845 	 [5, 1; 13, 1; 193, 1; 12541, 1] 

Class group : structure, generators, unit :
[456, [114, 2, 2], [Qfb(113, 12513, -1663), Qfb(6127, 9577, -2677), Qfb(193, 12159, -12287)], 9.43691801366848] 	 unit =  6271 + w 	 norm unit =  1 

List and structure of elments in class group :
[((0, 0, 0), Qfb(1, 12541, -12541)), ((0, 0, 1), Qfb(5, 12535, -10031)), ((0, 1, 0), Qfb(193, 12159, -12287)), ((0, 1, 1), Qfb(965, 10615, -11567)), ((1, 0, 0), Qfb(2849, 6981, -9529)), ((1, 0, 1), Qfb(-2419, 9253, 7411)), ((1, 1, 0), Qfb(-3665, 9145, 5027)), ((1, 1, 1), Qfb(-733, 12077, 3913)), ((2, 0, 0), Qfb(-3691, 6315, 7955)), ((2, 0, 1), Qfb(1591, 9595, -10255)), ((2, 1, 0), Qfb(-1783, 10265, 7285)), ((2, 1, 1), Qfb(2807, 7565, -8915)), ((3, 0, 0), Qfb(4921, 10631, -2251)), ((3, 0, 1), Qfb(2029, 10779, -5069)), ((3, 1, 0), Qfb(-1063, 12413, 763)), ((3, 1, 1), Qfb(-3503, 8219, 6407)), ((4, 0, 0), Qfb(781, 12423, -959)), ((4, 0, 1), Qfb(5351, 7999, -4361)), ((4, 1, 0), Qfb(-2693, 8701, 7577)), ((4, 1, 1), Qfb(4033, 6117, -7433)), ((5, 0, 0), Qfb(-3269, 8521, 6479)), ((5, 0, 1), Qfb(2089, 8733, -9701)), ((5, 1, 0), Qfb(-1447, 11199, 5513)), ((5, 1, 1), Qfb(-3073, 10327, 4123)), ((6, 0, 0), Qfb(3431, 9005, -5555)), ((6, 0, 1), Qfb(-5299, 2851, 7039)), ((6, 1, 0), Qfb(-3785, 10775, 2723)), ((6, 1, 1), Qfb(-757, 12289, 2083)), ((7, 0, 0), Qfb(3619, 11205, -2195)), ((7, 0, 1), Qfb(-6071, 819, 6451)), ((7, 1, 0), Qfb(-5707, 9867, 2627)), ((7, 1, 1), Qfb(-3827, 9067, 4907)), ((8, 0, 0), Qfb(4411, 9277, -4039)), ((8, 0, 1), Qfb(-1781, 10231, 7391)), ((8, 1, 0), Qfb(5467, 9445, -3115)), ((8, 1, 1), Qfb(5953, 11937, -623)), ((9, 0, 0), Qfb(-479, 11809, 9329)), ((9, 0, 1), Qfb(-809, 11811, 5509)), ((9, 1, 0), Qfb(-3293, 6931, 8297)), ((9, 1, 1), Qfb(-6227, 9893, 2387)), ((10, 0, 0), Qfb(2831, 7325, -9155)), ((10, 0, 1), Qfb(4999, 10987, -1831)), ((10, 1, 0), Qfb(385, 12115, -6853)), ((10, 1, 1), Qfb(77, 12423, -9727)), ((11, 0, 0), Qfb(4309, 9707, -3661)), ((11, 0, 1), Qfb(-6821, 10041, 2071)), ((11, 1, 0), Qfb(185, 12235, -10313)), ((11, 1, 1), Qfb(37, 12531, -2033)), ((12, 0, 0), Qfb(3649, 9089, -5119)), ((12, 0, 1), Qfb(5531, 9501, -3031)), ((12, 1, 0), Qfb(-3583, 8959, 5377)), ((12, 1, 1), Qfb(-3223, 6813, 8603)), ((13, 0, 0), Qfb(-6701, 10821, 1501)), ((13, 0, 1), Qfb(-5269, 8309, 4189)), ((13, 1, 0), Qfb(4085, 8465, -5243)), ((13, 1, 1), Qfb(817, 11733, -6017)), ((14, 0, 0), Qfb(-2911, 11713, 1729)), ((14, 0, 1), Qfb(-2579, 8255, 8645)), ((14, 1, 0), Qfb(-1867, 10881, 5213)), ((14, 1, 1), Qfb(-2353, 11037, 3773)), ((15, 0, 0), Qfb(-4829, 7693, 5081)), ((15, 0, 1), Qfb(1589, 11499, -3949)), ((15, 1, 0), Qfb(-5885, 11865, 703)), ((15, 1, 1), Qfb(-1177, 11865, 3515)), ((16, 0, 0), Qfb(745, 12045, -4109)), ((16, 0, 1), Qfb(149, 12343, -8351)), ((16, 1, 0), Qfb(1463, 10061, -9587)), ((16, 1, 1), Qfb(8477, 6333, -3457)), ((17, 0, 0), Qfb(869, 11931, -4309)), ((17, 0, 1), Qfb(4319, 8951, -4469)), ((17, 1, 0), Qfb(-3377, 12173, 677)), ((17, 1, 1), Qfb(2303, 10547, -5003)), ((18, 0, 0), Qfb(355, 12285, -4511)), ((18, 0, 1), Qfb(71, 12427, -10199)), ((18, 1, 0), Qfb(-5257, 10197, 2537)), ((18, 1, 1), Qfb(-2837, 9997, 5057)), ((19, 0, 0), Qfb(3505, 6355, -8341)), ((19, 0, 1), Qfb(701, 11963, -5069)), ((19, 1, 0), Qfb(-3643, 9619, 4447)), ((19, 1, 1), Qfb(-3073, 7233, 8543)), ((20, 0, 0), Qfb(5929, 12115, -445)), ((20, 0, 1), Qfb(5059, 12471, -89)), ((20, 1, 0), Qfb(-577, 11495, 10915)), ((20, 1, 1), Qfb(2003, 11585, -2885)), ((21, 0, 0), Qfb(-6671, 10575, 1705)), ((21, 0, 1), Qfb(-10841, 11939, 341)), ((21, 1, 0), Qfb(3935, 10225, -3353)), ((21, 1, 1), Qfb(787, 11799, -5753)), ((22, 0, 0), Qfb(1369, 12087, -2051)), ((22, 0, 1), Qfb(-5699, 10263, 2281)), ((22, 1, 0), Qfb(-5585, 12415, 143)), ((22, 1, 1), Qfb(-1117, 12415, 715)), ((23, 0, 0), Qfb(1295, 11125, -6479)), ((23, 0, 1), Qfb(259, 12161, -9109)), ((23, 1, 0), Qfb(3367, 6981, -8063)), ((23, 1, 1), Qfb(3577, 5647, -8767)), ((24, 0, 0), Qfb(6145, 7935, -3839)), ((24, 0, 1), Qfb(1229, 10393, -10031)), ((24, 1, 0), Qfb(-2165, 8685, 9457)), ((24, 1, 1), Qfb(-433, 12149, 5617)), ((25, 0, 0), Qfb(301, 12175, -7555)), ((25, 0, 1), Qfb(-2591, 11905, 1505)), ((25, 1, 0), Qfb(803, 12217, -2513)), ((25, 1, 1), Qfb(4373, 6339, -6697)), ((26, 0, 0), Qfb(-3431, 9099, 5431)), ((26, 0, 1), Qfb(1981, 8587, -10549)), ((26, 1, 0), Qfb(-1523, 11521, 4037)), ((26, 1, 1), Qfb(-6457, 7913, 3667)), ((27, 0, 0), Qfb(2951, 8775, -6805)), ((27, 0, 1), Qfb(4619, 11497, -1361)), ((27, 1, 0), Qfb(1135, 11045, -7783)), ((27, 1, 1), Qfb(227, 12407, -3737)), ((28, 0, 0), Qfb(6055, 8755, -3331)), ((28, 0, 1), Qfb(1211, 11177, -6689)), ((28, 1, 0), Qfb(4415, 5625, -7117)), ((28, 1, 1), Qfb(883, 10923, -10763)), ((29, 0, 0), Qfb(1645, 11205, -4829)), ((29, 0, 1), Qfb(329, 12521, -419)), ((29, 1, 0), Qfb(4277, 5941, -7133)), ((29, 1, 1), Qfb(-5137, 12027, 617)), ((30, 0, 0), Qfb(-751, 11699, 6811)), ((30, 0, 1), Qfb(-2269, 9297, 7811)), ((30, 1, 0), Qfb(-7285, 10885, 1333)), ((30, 1, 1), Qfb(-1457, 10885, 6665)), ((31, 0, 0), Qfb(-5101, 11267, 1489)), ((31, 0, 1), Qfb(1531, 11183, -5269)), ((31, 1, 0), Qfb(5203, 11389, -1327)), ((31, 1, 1), Qfb(-5363, 9583, 3053)), ((32, 0, 0), Qfb(-4039, 10341, 3119)), ((32, 0, 1), Qfb(1529, 11931, -2449)), ((32, 1, 0), Qfb(-6713, 11601, 847)), ((32, 1, 1), Qfb(1147, 11001, -7913)), ((33, 0, 0), Qfb(-1259, 11099, 6779)), ((33, 0, 1), Qfb(2999, 9045, -6295)), ((33, 1, 0), Qfb(407, 11939, -9083)), ((33, 1, 1), Qfb(2387, 8521, -8873)), ((34, 0, 0), Qfb(1001, 11895, -3955)), ((34, 0, 1), Qfb(3011, 10119, -4561)), ((34, 1, 0), Qfb(385, 11895, -10283)), ((34, 1, 1), Qfb(77, 12511, -2603)), ((35, 0, 0), Qfb(2555, 9735, -6121)), ((35, 0, 1), Qfb(511, 11779, -9091)), ((35, 1, 0), Qfb(-4273, 6617, 6643)), ((35, 1, 1), Qfb(1813, 9053, -10393)), ((36, 0, 0), Qfb(4411, 10773, -2339)), ((36, 0, 1), Qfb(5029, 4399, -6859)), ((36, 1, 0), Qfb(-4633, 6245, 6385)), ((36, 1, 1), Qfb(-5567, 11353, 1277)), ((37, 0, 0), Qfb(-359, 12195, 5995)), ((37, 0, 1), Qfb(-1391, 10153, 9749)), ((37, 1, 0), Qfb(2107, 8563, -9967)), ((37, 1, 1), Qfb(-4667, 5733, 6667)), ((38, 0, 0), Qfb(5381, 6145, -5555)), ((38, 0, 1), Qfb(10171, 10589, -1111)), ((38, 1, 0), Qfb(1415, 10285, -9107)), ((38, 1, 1), Qfb(283, 11983, -12133)), ((39, 0, 0), Qfb(-5111, 5235, 6355)), ((39, 0, 1), Qfb(-10001, 10319, 1271)), ((39, 1, 0), Qfb(-4567, 4481, 7513)), ((39, 1, 1), Qfb(3167, 12387, -307)), ((40, 0, 0), Qfb(2249, 11869, -1829)), ((40, 0, 1), Qfb(739, 12131, -3439)), ((40, 1, 0), Qfb(865, 12215, -2347)), ((40, 1, 1), Qfb(173, 12215, -11735)), ((41, 0, 0), Qfb(-4951, 7753, 4909)), ((41, 0, 1), Qfb(4319, 11419, -1559)), ((41, 1, 0), Qfb(235, 12145, -10453)), ((41, 1, 1), Qfb(47, 12521, -2933)), ((42, 0, 0), Qfb(-4055, 5665, 7721)), ((42, 0, 1), Qfb(-811, 12153, 2969)), ((42, 1, 0), Qfb(-4253, 6021, 7117)), ((42, 1, 1), Qfb(1777, 9593, -9187)), ((43, 0, 0), Qfb(31, 12489, -10901)), ((43, 0, 1), Qfb(7621, 4969, -4351)), ((43, 1, 0), Qfb(-1517, 10237, 8657)), ((43, 1, 1), Qfb(-1307, 11421, 5143)), ((44, 0, 0), Qfb(121, 12357, -9569)), ((44, 0, 1), Qfb(6131, 6559, -4661)), ((44, 1, 0), Qfb(2537, 9509, -6593)), ((44, 1, 1), Qfb(5537, 9861, -2713)), ((45, 0, 0), Qfb(-1861, 11667, 2849)), ((45, 0, 1), Qfb(2531, 12303, -589)), ((45, 1, 0), Qfb(4007, 12023, -797)), ((45, 1, 1), Qfb(-1763, 11057, 4973)), ((46, 0, 0), Qfb(2695, 11895, -1469)), ((46, 0, 1), Qfb(539, 11895, -7345)), ((46, 1, 0), Qfb(3673, 8787, -5453)), ((46, 1, 1), Qfb(-1667, 9239, 10793)), ((47, 0, 0), Qfb(-1519, 12311, 949)), ((47, 0, 1), Qfb(2539, 8955, -7595)), ((47, 1, 0), Qfb(-6397, 12165, 365)), ((47, 1, 1), Qfb(-7363, 12457, 73)), ((48, 0, 0), Qfb(4771, 3159, -7721)), ((48, 0, 1), Qfb(-3959, 11865, 1045)), ((48, 1, 0), Qfb(1835, 9765, -8443)), ((48, 1, 1), Qfb(367, 11967, -9617)), ((49, 0, 0), Qfb(4955, 8525, -4271)), ((49, 0, 1), Qfb(991, 12489, -341)), ((49, 1, 0), Qfb(-2513, 8605, 8285)), ((49, 1, 1), Qfb(-2303, 11919, 1657)), ((50, 0, 0), Qfb(4655, 8465, -4601)), ((50, 0, 1), Qfb(931, 12189, -2351)), ((50, 1, 0), Qfb(-3235, 7315, 8023)), ((50, 1, 1), Qfb(-647, 12491, 503)), ((51, 0, 0), Qfb(6401, 9793, -2399)), ((51, 0, 1), Qfb(-2149, 11559, 2759)), ((51, 1, 0), Qfb(5197, 8681, -3943)), ((51, 1, 1), Qfb(-4217, 11127, 1987)), ((52, 0, 0), Qfb(3649, 6219, -8129)), ((52, 0, 1), Qfb(1211, 10831, -8261)), ((52, 1, 0), Qfb(-4115, 10955, 2267)), ((52, 1, 1), Qfb(-823, 10955, 11335)), ((53, 0, 0), Qfb(1645, 9795, -9329)), ((53, 0, 1), Qfb(329, 12427, -2201)), ((53, 1, 0), Qfb(-3415, 9945, 4277)), ((53, 1, 1), Qfb(-683, 11311, 10757)), ((54, 0, 0), Qfb(-2521, 7681, 9751)), ((54, 0, 1), Qfb(2021, 11487, -3139)), ((54, 1, 0), Qfb(-3113, 6695, 9035)), ((54, 1, 1), Qfb(5053, 3817, -7063)), ((55, 0, 0), Qfb(-4769, 4721, 7079)), ((55, 0, 1), Qfb(2821, 10257, -4619)), ((55, 1, 0), Qfb(-6643, 12311, 217)), ((55, 1, 1), Qfb(1177, 10391, -10483)), ((56, 0, 0), Qfb(-5021, 8181, 4501)), ((56, 0, 1), Qfb(-3229, 9029, 5869)), ((56, 1, 0), Qfb(847, 12357, -1367)), ((56, 1, 1), Qfb(8473, 5427, -3773)), ((57, 0, 0), Qfb(-5611, 5607, 5609)), ((57, 0, 1), Qfb(1121, 12341, -1121)), ((57, 1, 0), Qfb(-2677, 9577, 6127)), ((57, 1, 1), Qfb(2153, 10791, -4747)), ((58, 0, 0), Qfb(5021, 11903, -779)), ((58, 0, 1), Qfb(-5869, 9029, 3229)), ((58, 1, 0), Qfb(-847, 11359, 8353)), ((58, 1, 1), Qfb(5867, 5643, -5347)), ((59, 0, 0), Qfb(4769, 4817, -7031)), ((59, 0, 1), Qfb(-2821, 12311, 511)), ((59, 1, 0), Qfb(-5885, 10795, 1733)), ((59, 1, 1), Qfb(-1177, 10795, 8665)), ((60, 0, 0), Qfb(2521, 12487, -139)), ((60, 0, 1), Qfb(3139, 11487, -2021)), ((60, 1, 0), Qfb(-1103, 12283, 1463)), ((60, 1, 1), Qfb(7063, 3817, -5053)), ((61, 0, 0), Qfb(-2711, 8453, 7919)), ((61, 0, 1), Qfb(-649, 12085, 4345)), ((61, 1, 0), Qfb(-4277, 9945, 3415)), ((61, 1, 1), Qfb(1237, 10203, -10757)), ((62, 0, 0), Qfb(-3649, 8377, 5971)), ((62, 0, 1), Qfb(-3781, 5691, 8261)), ((62, 1, 0), Qfb(4115, 5505, -7717)), ((62, 1, 1), Qfb(823, 12089, -3397)), ((63, 0, 0), Qfb(5791, 8573, -3619)), ((63, 0, 1), Qfb(-2759, 11559, 2149)), ((63, 1, 0), Qfb(4247, 6483, -6787)), ((63, 1, 1), Qfb(-1987, 11127, 4217)), ((64, 0, 0), Qfb(1301, 10285, -9905)), ((64, 0, 1), Qfb(3469, 8797, -5761)), ((64, 1, 0), Qfb(-853, 11789, 5377)), ((64, 1, 1), Qfb(-4265, 4965, 7777)), ((65, 0, 0), Qfb(1705, 11125, -4921)), ((65, 0, 1), Qfb(341, 12489, -991)), ((65, 1, 0), Qfb(-2497, 8477, 8557)), ((65, 1, 1), Qfb(2303, 11111, -3677)), ((66, 0, 0), Qfb(-5045, 4255, 6899)), ((66, 0, 1), Qfb(-1009, 12327, 1331)), ((66, 1, 0), Qfb(-1835, 12255, 973)), ((66, 1, 1), Qfb(-367, 12255, 4865)), ((67, 0, 0), Qfb(1519, 11993, -2221)), ((67, 0, 1), Qfb(4469, 9361, -3899)), ((67, 1, 0), Qfb(-365, 12165, 6397)), ((67, 1, 1), Qfb(-73, 12457, 7363)), ((68, 0, 0), Qfb(-2695, 9665, 5929)), ((68, 0, 1), Qfb(-539, 11821, 8159)), ((68, 1, 0), Qfb(5453, 8787, -3673)), ((68, 1, 1), Qfb(1667, 10765, -6215)), ((69, 0, 0), Qfb(1861, 10665, -5855)), ((69, 0, 1), Qfb(-2531, 7945, 9305)), ((69, 1, 0), Qfb(-4007, 12019, 803)), ((69, 1, 1), Qfb(-4973, 11057, 1763)), ((70, 0, 0), Qfb(-1349, 11713, 3731)), ((70, 0, 1), Qfb(4661, 6559, -6131)), ((70, 1, 0), Qfb(4817, 7229, -5453)), ((70, 1, 1), Qfb(-1573, 11843, 2713)), ((71, 0, 0), Qfb(-1619, 9313, 10901)), ((71, 0, 1), Qfb(1699, 10115, -8095)), ((71, 1, 0), Qfb(1517, 11001, -5983)), ((71, 1, 1), Qfb(3577, 9151, -5143)), ((72, 0, 0), Qfb(-4099, 8113, 5581)), ((72, 0, 1), Qfb(1919, 11599, -2969)), ((72, 1, 0), Qfb(5533, 11653, -973)), ((72, 1, 1), Qfb(2773, 10453, -4333)), ((73, 0, 0), Qfb(-611, 12389, 1571)), ((73, 0, 1), Qfb(-4319, 5857, 7121)), ((73, 1, 0), Qfb(-5977, 11143, 1387)), ((73, 1, 1), Qfb(-4543, 5595, 6935)), ((74, 0, 0), Qfb(1829, 11869, -2249)), ((74, 0, 1), Qfb(3971, 9453, -4279)), ((74, 1, 0), Qfb(-3265, 11255, 2347)), ((74, 1, 1), Qfb(-653, 11255, 11735)), ((75, 0, 0), Qfb(3991, 7475, -6355)), ((75, 0, 1), Qfb(-1271, 10319, 10001)), ((75, 1, 0), Qfb(1535, 10545, -7513)), ((75, 1, 1), Qfb(307, 12387, -3167)), ((76, 0, 0), Qfb(4549, 6977, -5971)), ((76, 0, 1), Qfb(-4961, 11631, 1111)), ((76, 1, 0), Qfb(-665, 11485, 9557)), ((76, 1, 1), Qfb(-133, 12283, 12133)), ((77, 0, 0), Qfb(-5621, 10267, 2309)), ((77, 0, 1), Qfb(1391, 12103, -1949)), ((77, 1, 0), Qfb(107, 12531, -703)), ((77, 1, 1), Qfb(-6667, 5733, 4667)), ((78, 0, 0), Qfb(-4411, 6871, 6241)), ((78, 0, 1), Qfb(-2569, 9319, 6859)), ((78, 1, 0), Qfb(4493, 6525, -6385)), ((78, 1, 1), Qfb(4307, 11633, -1277)), ((79, 0, 0), Qfb(2459, 9831, -6169)), ((79, 0, 1), Qfb(-3199, 6403, 9091)), ((79, 1, 0), Qfb(-2993, 10319, 4247)), ((79, 1, 1), Qfb(-1813, 9077, 10333)), ((80, 0, 0), Qfb(2551, 8279, -8701)), ((80, 0, 1), Qfb(4561, 10119, -3011)), ((80, 1, 0), Qfb(-3317, 7157, 7997)), ((80, 1, 1), Qfb(-3917, 10911, 2443)), ((81, 0, 0), Qfb(-4691, 7201, 5621)), ((81, 0, 1), Qfb(-2999, 8949, 6439)), ((81, 1, 0), Qfb(-1603, 10145, 8485)), ((81, 1, 1), Qfb(-4477, 9423, 3827)), ((82, 0, 0), Qfb(4039, 5815, -7645)), ((82, 0, 1), Qfb(2449, 11931, -1529)), ((82, 1, 0), Qfb(-5735, 9645, 2803)), ((82, 1, 1), Qfb(-1147, 11939, 3223)), ((83, 0, 0), Qfb(5101, 9137, -3619)), ((83, 0, 1), Qfb(-1531, 10251, 8531)), ((83, 1, 0), Qfb(1327, 11389, -5203)), ((83, 1, 1), Qfb(-4907, 6263, 6017)), ((84, 0, 0), Qfb(751, 12333, -1739)), ((84, 0, 1), Qfb(-5441, 8695, 3755)), ((84, 1, 0), Qfb(-2723, 7663, 9053)), ((84, 1, 1), Qfb(1507, 11689, -3433)), ((85, 0, 0), Qfb(4829, 11205, -1645)), ((85, 0, 1), Qfb(419, 12521, -329)), ((85, 1, 0), Qfb(-3085, 8325, 7133)), ((85, 1, 1), Qfb(-617, 12027, 5137)), ((86, 0, 0), Qfb(3331, 8755, -6055)), ((86, 0, 1), Qfb(-5699, 2201, 6689)), ((86, 1, 0), Qfb(6637, 8929, -2923)), ((86, 1, 1), Qfb(-1043, 10603, 10763)), ((87, 0, 0), Qfb(-3209, 8431, 6719)), ((87, 0, 1), Qfb(2149, 8703, -9491)), ((87, 1, 0), Qfb(-4397, 4521, 7783)), ((87, 1, 1), Qfb(3737, 12407, -227)), ((88, 0, 0), Qfb(3431, 11487, -1849)), ((88, 0, 1), Qfb(-1981, 11223, 3959)), ((88, 1, 0), Qfb(1523, 9801, -10057)), ((88, 1, 1), Qfb(-2807, 8475, 7615)), ((89, 0, 0), Qfb(3541, 8287, -6259)), ((89, 0, 1), Qfb(6491, 10009, -2201)), ((89, 1, 0), Qfb(2513, 12217, -803)), ((89, 1, 1), Qfb(-3037, 9983, 4747)), ((90, 0, 0), Qfb(5629, 6903, -4871)), ((90, 0, 1), Qfb(-1229, 11729, 4019)), ((90, 1, 0), Qfb(2165, 8635, -9557)), ((90, 1, 1), Qfb(433, 12099, -6317)), ((91, 0, 0), Qfb(-1295, 12185, 1709)), ((91, 0, 1), Qfb(-259, 12185, 8545)), ((91, 1, 0), Qfb(-2285, 9145, 8063)), ((91, 1, 1), Qfb(-457, 11887, 8767)), ((92, 0, 0), Qfb(2051, 12087, -1369)), ((92, 0, 1), Qfb(-2281, 10263, 5699)), ((92, 1, 0), Qfb(3323, 12467, -143)), ((92, 1, 1), Qfb(-2357, 10253, 5537)), ((93, 0, 0), Qfb(-1705, 10575, 6671)), ((93, 0, 1), Qfb(-341, 11939, 10841)), ((93, 1, 0), Qfb(5407, 7839, -4433)), ((93, 1, 1), Qfb(-1373, 11213, 5753)), ((94, 0, 0), Qfb(959, 11415, -7045)), ((94, 0, 1), Qfb(89, 12471, -5059)), ((94, 1, 0), Qfb(2147, 8731, -9443)), ((94, 1, 1), Qfb(-2003, 12451, 287)), ((95, 0, 0), Qfb(-1519, 10327, 8341)), ((95, 0, 1), Qfb(-4351, 8313, 5069)), ((95, 1, 0), Qfb(5093, 8169, -4447)), ((95, 1, 1), Qfb(-4193, 11303, 1763)), ((96, 0, 0), Qfb(4511, 12285, -355)), ((96, 0, 1), Qfb(-2299, 7971, 10199)), ((96, 1, 0), Qfb(-1903, 12005, 1735)), ((96, 1, 1), Qfb(2837, 7025, -9515)), ((97, 0, 0), Qfb(2119, 9685, -7495)), ((97, 0, 1), Qfb(-1499, 11301, 4939)), ((97, 1, 0), Qfb(4663, 3809, -7657)), ((97, 1, 1), Qfb(-2303, 12483, 163)), ((98, 0, 0), Qfb(101, 12407, -8399)), ((98, 0, 1), Qfb(-6181, 12035, 505)), ((98, 1, 0), Qfb(-3557, 7995, 6565)), ((98, 1, 1), Qfb(3457, 6333, -8477)), ((99, 0, 0), Qfb(4829, 11623, -1151)), ((99, 0, 1), Qfb(-1589, 10747, 6581)), ((99, 1, 0), Qfb(-703, 11865, 5885)), ((99, 1, 1), Qfb(-1417, 11323, 5137)), ((100, 0, 0), Qfb(-2005, 12485, 181)), ((100, 0, 1), Qfb(-401, 12485, 905)), ((100, 1, 0), Qfb(-5213, 10881, 1867)), ((100, 1, 1), Qfb(1507, 11601, -3773)), ((101, 0, 0), Qfb(-5621, 8661, 3661)), ((101, 0, 1), Qfb(-4189, 8309, 5269)), ((101, 1, 0), Qfb(5243, 8465, -4085)), ((101, 1, 1), Qfb(6017, 11733, -817)), ((102, 0, 0), Qfb(-3649, 5507, 8701)), ((102, 0, 1), Qfb(7001, 12441, -91)), ((102, 1, 0), Qfb(-7, 12535, 7165)), ((102, 1, 1), Qfb(3223, 12525, -35)), ((103, 0, 0), Qfb(3661, 9707, -4309)), ((103, 0, 1), Qfb(5251, 10669, -2071)), ((103, 1, 0), Qfb(-407, 11865, 10165)), ((103, 1, 1), Qfb(-2035, 11865, 2033)), ((104, 0, 0), Qfb(-1001, 10985, 9155)), ((104, 0, 1), Qfb(-7951, 6089, 3781)), ((104, 1, 0), Qfb(6853, 12115, -385)), ((104, 1, 1), Qfb(9727, 12423, -77)), ((105, 0, 0), Qfb(479, 12141, -5179)), ((105, 0, 1), Qfb(3241, 7243, -8089)), ((105, 1, 0), Qfb(3293, 6241, -8987)), ((105, 1, 1), Qfb(7607, 9203, -2387)), ((106, 0, 0), Qfb(-3851, 9697, 4109)), ((106, 0, 1), Qfb(-7301, 9959, 1991)), ((106, 1, 0), Qfb(-5767, 9245, 3115)), ((106, 1, 1), Qfb(-7853, 11737, 623)), ((107, 0, 0), Qfb(-4769, 10745, 2195)), ((107, 0, 1), Qfb(-599, 12501, 439)), ((107, 1, 0), Qfb(-2627, 9867, 5707)), ((107, 1, 1), Qfb(2333, 10561, -4907)), ((108, 0, 0), Qfb(779, 11657, -6881)), ((108, 0, 1), Qfb(-3479, 10155, 3895)), ((108, 1, 0), Qfb(-2485, 9725, 6313)), ((108, 1, 1), Qfb(-497, 11713, 10127)), ((109, 0, 0), Qfb(-5605, 6185, 5311)), ((109, 0, 1), Qfb(-1121, 10669, 9701)), ((109, 1, 0), Qfb(-6083, 10663, 1793)), ((109, 1, 1), Qfb(-4193, 9063, 4483)), ((110, 0, 0), Qfb(959, 12423, -781)), ((110, 0, 1), Qfb(5029, 8441, -4279)), ((110, 1, 0), Qfb(-5215, 8815, 3817)), ((110, 1, 1), Qfb(-1043, 10901, 9227)), ((111, 0, 0), Qfb(-1801, 11879, 2251)), ((111, 0, 1), Qfb(3761, 10369, -3311)), ((111, 1, 0), Qfb(-763, 12413, 1063)), ((111, 1, 1), Qfb(-4543, 5969, 6697)), ((112, 0, 0), Qfb(3691, 8449, -5821)), ((112, 0, 1), Qfb(-1591, 9497, 10549)), ((112, 1, 0), Qfb(-7285, 10265, 1783)), ((112, 1, 1), Qfb(-1457, 10265, 8915)), ((113, 0, 0), Qfb(4831, 9211, -3751)), ((113, 0, 1), Qfb(2419, 10099, -5719)), ((113, 1, 0), Qfb(-5027, 9145, 3665)), ((113, 1, 1), Qfb(-3913, 12077, 733))] 

Group element : Euclid CF expansion a0+1/(a1+1/(...)):
(0, 0, 0) [0, 1, 12541, 1, 12541, 1, 12541, 1, 12541, 1, 12541, 1, 12541, 1, 12541, 1, 12541, 1, 12541, 1, 12541, 1, 12541, 1]
(0, 0, 1) [0, 10, 10, 11, 11, 10, 10, 11, 11, 10, 10, 11, 11, 10, 10, 11, 11, 10, 10, 11, 11, 10, 10, 11]
(0, 1, 0) [0, 1, 3, 1, 2507, 1, 3, 1, 2507, 1, 3, 1, 2507, 1, 3, 1, 2507, 1, 3, 1, 2507, 1, 3, 1]
(0, 1, 1) [0, 1, 1, 1, 1, 1, 1, 1, 1, 1, 1, 1, 1, 1, 2, 2, 1, 1, 1, 1, 1, 1, 1, 1]
(1, 0, 0) [-1, 1, 1, 1, 162, 4, 1, 4, 2, 1, 162, 4, 1, 4, 2, 1, 162, 4, 1, 4, 2, 1, 162, 4]
(1, 0, 1) [0, 1, 2, 1, 8, 1, 13, 1, 2, 1, 4, 1, 2, 1, 8, 1, 13, 1, 2, 1, 4, 1, 2, 1]
(1, 1, 0) [0, 1, 31, 1, 5, 3, 4, 1, 2, 1, 31, 1, 5, 3, 4, 1, 2, 1, 31, 1, 5, 3, 4, 1]
(1, 1, 1) [0, 1, 1, 5, 2, 1, 2, 1, 26, 1, 2, 1, 1, 5, 2, 1, 2, 1, 26, 1, 2, 1, 1, 5]
(2, 0, 0) [-1, 1, 7, 4, 1, 1, 6, 1, 6, 3, 8, 4, 1, 1, 6, 1, 6, 3, 8, 4, 1, 1, 6, 1]
(2, 0, 1) [-1, 2, 1, 1, 5, 2, 4, 1, 3, 9, 1, 1, 1, 1, 5, 2, 4, 1, 3, 9, 1, 1, 1, 1]
(2, 1, 0) [-1, 3, 35, 1, 1, 1, 1, 22, 1, 2, 35, 1, 1, 1, 1, 22, 1, 2, 35, 1, 1, 1, 1, 22]
(2, 1, 1) [-1, 1, 24, 1, 3, 1, 1, 2, 1, 1, 2, 3, 25, 1, 3, 1, 1, 2, 1, 1, 2, 3, 25, 1]
(3, 0, 0) [0, 358, 8, 1, 3, 358, 8, 1, 3, 358, 8, 1, 3, 358, 8, 1, 3, 358, 8, 1, 3, 358, 8, 1]
(3, 0, 1) [0, 15, 3, 15, 2, 2, 3, 15, 3, 15, 2, 2, 3, 15, 3, 15, 2, 2, 3, 15, 3, 15, 2, 2]
(3, 1, 0) [-1, 2, 3, 1791, 1, 1, 3, 1791, 1, 1, 3, 1791, 1, 1, 3, 1791, 1, 1, 3, 1791, 1, 1, 3, 1791]
(3, 1, 1) [0, 2, 1, 6, 2, 2, 1, 2, 6, 1, 3, 2, 1, 6, 2, 2, 1, 2, 6, 1, 3, 2, 1, 6]
(4, 0, 0) [-1, 9, 6, 227, 1, 8, 6, 227, 1, 8, 6, 227, 1, 8, 6, 227, 1, 8, 6, 227, 1, 8, 6, 227]
(4, 0, 1) [-1, 4, 1, 24, 1, 2, 1, 23, 1, 3, 1, 24, 1, 2, 1, 23, 1, 3, 1, 24, 1, 2, 1, 23]
(4, 1, 0) [0, 4, 1, 1139, 2, 4, 1, 1139, 2, 4, 1, 1139, 2, 4, 1, 1139, 2, 4, 1, 1139, 2, 4, 1, 1139]
(4, 1, 1) [-1, 5, 1, 1, 4, 1, 1, 4, 2, 1, 3, 1, 1, 4, 1, 1, 4, 1, 1, 4, 2, 1, 3, 1]
(5, 0, 0) [0, 2, 1, 1, 1, 1, 1, 4, 1, 1, 16, 1, 2, 2, 1, 1, 1, 1, 1, 4, 1, 1, 16, 1]
(5, 0, 1) [0, 3, 1, 2, 6, 2, 2, 1, 23, 3, 1, 2, 6, 2, 2, 1, 23, 3, 1, 2, 6, 2, 2, 1]
(5, 1, 0) [0, 9, 3, 2, 1, 14, 9, 9, 3, 2, 1, 14, 9, 9, 3, 2, 1, 14, 9, 9, 3, 2, 1, 14]
(5, 1, 1) [0, 1, 6, 3, 16, 1, 3, 1, 5, 1, 6, 3, 16, 1, 3, 1, 5, 1, 6, 3, 16, 1, 3, 1]
(6, 0, 0) [-1, 3, 1, 1, 1, 1, 255, 2, 1, 2, 1, 1, 1, 1, 255, 2, 1, 2, 1, 1, 1, 1, 255, 2]
(6, 0, 1) [0, 1, 1, 49, 2, 1, 1, 3, 1, 1, 2, 1, 1, 49, 2, 1, 1, 3, 1, 1, 2, 1, 1, 49]
(6, 1, 0) [0, 1, 9, 3, 50, 1, 6, 1, 9, 3, 50, 1, 6, 1, 9, 3, 50, 1, 6, 1, 9, 3, 50, 1]
(6, 1, 1) [-1, 1, 2, 1, 1, 2, 9, 1, 1, 2, 1, 9, 3, 1, 1, 2, 9, 1, 1, 2, 1, 9, 3, 1]
(7, 0, 0) [0, 1, 3, 1, 1, 8, 162, 1, 3, 1, 1, 8, 162, 1, 3, 1, 1, 8, 162, 1, 3, 1, 1, 8]
(7, 0, 1) [0, 1, 1, 13, 1, 1, 5, 1, 33, 1, 1, 13, 1, 1, 5, 1, 33, 1, 1, 13, 1, 1, 5, 1]
(7, 1, 0) [0, 3, 1, 42, 32, 1, 1, 3, 1, 42, 32, 1, 1, 3, 1, 42, 32, 1, 1, 3, 1, 42, 32, 1]
(7, 1, 1) [0, 2, 3, 4, 171, 1, 1, 2, 3, 4, 171, 1, 1, 2, 3, 4, 171, 1, 1, 2, 3, 4, 171, 1]
(8, 0, 0) [-1, 1, 7, 1, 102, 1, 3, 3, 8, 1, 102, 1, 3, 3, 8, 1, 102, 1, 3, 3, 8, 1, 102, 1]
(8, 0, 1) [0, 2, 2, 1, 1, 46, 22, 2, 2, 1, 1, 46, 22, 2, 2, 1, 1, 46, 22, 2, 2, 1, 1, 46]
(8, 1, 0) [-1, 3, 20, 2, 1, 4, 1, 3, 1, 1, 1, 2, 20, 2, 1, 4, 1, 3, 1, 1, 1, 2, 20, 2]
(8, 1, 1) [0, 1, 1, 2, 1, 8, 1, 1, 1, 1, 3, 1, 7, 1, 1, 2, 1, 8, 1, 1, 1, 1, 3, 1]
(9, 0, 0) [0, 9, 2, 6, 1, 5, 4, 1, 2, 9, 2, 6, 1, 5, 4, 1, 2, 9, 2, 6, 1, 5, 4, 1]
(9, 0, 1) [-1, 1, 7, 1, 2, 3, 2, 1, 1, 7, 1, 2, 8, 1, 2, 3, 2, 1, 1, 7, 1, 2, 8, 1]
(9, 1, 0) [-1, 1, 4, 8, 2, 1, 2, 36, 5, 8, 2, 1, 2, 36, 5, 8, 2, 1, 2, 36, 5, 8, 2, 1]
(9, 1, 1) [-1, 1, 7, 1, 1, 1, 6, 2, 15, 2, 8, 1, 1, 1, 6, 2, 15, 2, 8, 1, 1, 1, 6, 2]
(10, 0, 0) [0, 1, 2, 1, 1, 4, 12, 1, 1, 2, 5, 1, 2, 1, 1, 4, 12, 1, 1, 2, 5, 1, 2, 1]
(10, 0, 1) [0, 24, 4, 2, 2, 7, 3, 24, 4, 2, 2, 7, 3, 24, 4, 2, 2, 7, 3, 24, 4, 2, 2, 7]
(10, 1, 0) [0, 1, 1, 12, 1, 6, 1, 22, 2, 1, 1, 12, 1, 6, 1, 22, 2, 1, 1, 12, 1, 6, 1, 22]
(10, 1, 1) [-1, 1, 2, 1, 3, 1, 3, 4, 1, 1, 1, 4, 1, 1, 3, 1, 3, 1, 3, 4, 1, 1, 1, 4]
(11, 0, 0) [0, 10, 1, 2, 19, 1, 3, 1, 3, 10, 1, 2, 19, 1, 3, 1, 3, 10, 1, 2, 19, 1, 3, 1]
(11, 0, 1) [0, 15, 2, 2, 1, 1, 12, 1, 4, 15, 2, 2, 1, 1, 12, 1, 4, 15, 2, 2, 1, 1, 12, 1]
(11, 1, 0) [-1, 1, 2, 1, 22, 1, 3, 1, 1, 14, 3, 1, 22, 1, 3, 1, 1, 14, 3, 1, 22, 1, 3, 1]
(11, 1, 1) [-1, 1, 5, 3, 2, 2, 1, 3, 2, 2, 1, 2, 6, 3, 2, 2, 1, 3, 2, 2, 1, 2, 6, 3]
(12, 0, 0) [0, 1, 4, 1, 1, 2, 59, 1, 1, 1, 1, 1, 4, 1, 1, 2, 59, 1, 1, 1, 1, 1, 4, 1]
(12, 0, 1) [0, 1, 3, 19, 15, 2, 4, 1, 3, 19, 15, 2, 4, 1, 3, 19, 15, 2, 4, 1, 3, 19, 15, 2]
(12, 1, 0) [0, 1, 11, 3, 12, 9, 2, 1, 11, 3, 12, 9, 2, 1, 11, 3, 12, 9, 2, 1, 11, 3, 12, 9]
(12, 1, 1) [0, 3, 1, 1, 1, 1, 2, 2, 25, 1, 3, 3, 1, 1, 1, 1, 2, 2, 25, 1, 3, 3, 1, 1]
(13, 0, 0) [0, 5, 94, 8, 3, 5, 94, 8, 3, 5, 94, 8, 3, 5, 94, 8, 3, 5, 94, 8, 3, 5, 94, 8]
(13, 0, 1) [-1, 30, 1, 1, 7, 1, 3, 5, 1, 29, 1, 1, 7, 1, 3, 5, 1, 29, 1, 1, 7, 1, 3, 5]
(13, 1, 0) [0, 1, 1, 1, 18, 4, 2, 6, 3, 1, 1, 1, 18, 4, 2, 6, 3, 1, 1, 1, 18, 4, 2, 6]
(13, 1, 1) [-1, 1, 8, 2, 3, 30, 1, 5, 9, 2, 3, 30, 1, 5, 9, 2, 3, 30, 1, 5, 9, 2, 3, 30]
(14, 0, 0) [-1, 3, 2, 1, 1, 12, 2, 27, 1, 2, 2, 1, 1, 12, 2, 27, 1, 2, 2, 1, 1, 12, 2, 27]
(14, 0, 1) [-1, 1, 9, 6, 1, 8, 6, 3, 10, 6, 1, 8, 6, 3, 10, 6, 1, 8, 6, 3, 10, 6, 1, 8]
(14, 1, 0) [0, 2, 2, 140, 1, 1, 8, 2, 2, 140, 1, 1, 8, 2, 2, 140, 1, 1, 8, 2, 2, 140, 1, 1]
(14, 1, 1) [0, 4, 1, 15, 2, 34, 2, 4, 1, 15, 2, 34, 2, 4, 1, 15, 2, 34, 2, 4, 1, 15, 2, 34]
(15, 0, 0) [0, 1, 6, 3, 10, 1, 1, 1, 1, 1, 1, 1, 1, 1, 6, 3, 10, 1, 1, 1, 1, 1, 1, 1]
(15, 0, 1) [-1, 3, 1, 4, 1, 2, 16, 11, 1, 2, 1, 4, 1, 2, 16, 11, 1, 2, 1, 4, 1, 2, 16, 11]
(15, 1, 0) [0, 8, 11, 3, 1, 15, 2, 8, 11, 3, 1, 15, 2, 8, 11, 3, 1, 15, 2, 8, 11, 3, 1, 15]
(15, 1, 1) [0, 1, 2, 1, 1, 1, 1, 1, 1, 2, 1, 26, 2, 1, 2, 1, 1, 1, 1, 1, 1, 2, 1, 26]
(16, 0, 0) [-1, 1, 2, 6, 2, 131, 1, 1, 3, 6, 2, 131, 1, 1, 3, 6, 2, 131, 1, 1, 3, 6, 2, 131]
(16, 0, 1) [0, 1, 7, 2, 3, 1, 41, 1, 2, 1, 7, 2, 3, 1, 41, 1, 2, 1, 7, 2, 3, 1, 41, 1]
(16, 1, 0) [-1, 1, 2, 659, 1, 5, 3, 659, 1, 5, 3, 659, 1, 5, 3, 659, 1, 5, 3, 659, 1, 5, 3, 659]
(16, 1, 1) [-1, 1, 1, 2, 7, 1, 211, 1, 2, 2, 7, 1, 211, 1, 2, 2, 7, 1, 211, 1, 2, 2, 7, 1]
(17, 0, 0) [0, 1, 17, 2, 19, 1, 1, 1, 4, 1, 17, 2, 19, 1, 1, 1, 4, 1, 17, 2, 19, 1, 1, 1]
(17, 0, 1) [0, 4, 1, 4, 2, 1, 1, 1, 1, 1, 3, 1, 4, 4, 1, 4, 2, 1, 1, 1, 1, 1, 3, 1]
(17, 1, 0) [-1, 1, 2, 1, 1, 8, 91, 2, 3, 1, 1, 8, 91, 2, 3, 1, 1, 8, 91, 2, 3, 1, 1, 8]
(17, 1, 1) [0, 1, 1, 1, 1, 1, 2, 7, 5, 3, 4, 1, 1, 1, 1, 1, 2, 7, 5, 3, 4, 1, 1, 1]
(18, 0, 0) [0, 1, 1, 2, 1, 1, 12, 4, 2, 1, 5, 1, 1, 2, 1, 1, 12, 4, 2, 1, 5, 1, 1, 2]
(18, 0, 1) [-1, 2, 3, 2, 1, 22, 3, 7, 1, 1, 3, 2, 1, 22, 3, 7, 1, 1, 3, 2, 1, 22, 3, 7]
(18, 1, 0) [-1, 1, 1, 4, 15, 4, 6, 3, 2, 4, 15, 4, 6, 3, 2, 4, 15, 4, 6, 3, 2, 4, 15, 4]
(18, 1, 1) [0, 114, 1, 1, 2, 10, 2, 114, 1, 1, 2, 10, 2, 114, 1, 1, 2, 10, 2, 114, 1, 1, 2, 10]
(19, 0, 0) [0, 3, 93, 1, 43, 3, 93, 1, 43, 3, 93, 1, 43, 3, 93, 1, 43, 3, 93, 1, 43, 3, 93, 1]
(19, 0, 1) [-1, 1, 2, 2, 2, 29, 1, 23, 3, 2, 2, 29, 1, 23, 3, 2, 2, 29, 1, 23, 3, 2, 2, 29]
(19, 1, 0) [0, 15, 18, 1, 3, 1, 8, 15, 18, 1, 3, 1, 8, 15, 18, 1, 3, 1, 8, 15, 18, 1, 3, 1]
(19, 1, 1) [0, 1, 6, 2, 1, 5, 2, 1, 1, 4, 3, 1, 6, 2, 1, 5, 2, 1, 1, 4, 3, 1, 6, 2]
(20, 0, 0) [0, 1, 59, 13, 15, 1, 59, 13, 15, 1, 59, 13, 15, 1, 59, 13, 15, 1, 59, 13, 15, 1, 59, 13]
(20, 0, 1) [0, 1, 2, 18, 1, 37, 5, 1, 2, 18, 1, 37, 5, 1, 2, 18, 1, 37, 5, 1, 2, 18, 1, 37]
(20, 1, 0) [-1, 2, 11, 2, 2, 2, 4, 1, 2, 2, 1, 1, 11, 2, 2, 2, 4, 1, 2, 2, 1, 1, 11, 2]
(20, 1, 1) [-1, 4, 1, 6, 1, 5, 14, 3, 1, 3, 1, 6, 1, 5, 14, 3, 1, 3, 1, 6, 1, 5, 14, 3]
(21, 0, 0) [0, 8, 1, 1, 3, 8, 25, 8, 1, 1, 3, 8, 25, 8, 1, 1, 3, 8, 25, 8, 1, 1, 3, 8]
(21, 0, 1) [-1, 1, 2, 1, 15, 1, 1, 1, 10, 2, 1, 1, 3, 1, 15, 1, 1, 1, 10, 2, 1, 1, 3, 1]
(21, 1, 0) [0, 1, 8, 1, 3, 1, 2, 2, 4, 1, 1, 1, 1, 1, 8, 1, 3, 1, 2, 2, 4, 1, 1, 1]
(21, 1, 1) [-1, 1, 53, 1, 21, 1, 2, 3, 54, 1, 21, 1, 2, 3, 54, 1, 21, 1, 2, 3, 54, 1, 21, 1]
(22, 0, 0) [0, 3, 2, 2, 3, 1, 8, 1, 6, 1, 1, 3, 2, 2, 3, 1, 8, 1, 6, 1, 1, 3, 2, 2]
(22, 0, 1) [0, 1, 9, 1, 1, 28, 20, 1, 9, 1, 1, 28, 20, 1, 9, 1, 1, 28, 20, 1, 9, 1, 1, 28]
(22, 1, 0) [0, 1, 1, 5, 1, 3, 5, 13, 3, 1, 1, 5, 1, 3, 5, 13, 3, 1, 1, 5, 1, 3, 5, 13]
(22, 1, 1) [0, 5, 2, 2, 3, 1, 3, 1, 1, 3, 3, 5, 2, 2, 3, 1, 3, 1, 1, 3, 3, 5, 2, 2]
(23, 0, 0) [0, 2, 2, 1, 2, 1, 2, 1, 8, 1, 4, 1, 1, 2, 2, 1, 2, 1, 2, 1, 8, 1, 4, 1]
(23, 0, 1) [0, 8, 1, 1, 52, 1, 5, 1, 1, 8, 1, 1, 52, 1, 5, 1, 1, 8, 1, 1, 52, 1, 5, 1]
(23, 1, 0) [-1, 3, 1, 1, 1, 3, 2, 1, 1, 5, 1, 7, 1, 2, 1, 1, 1, 3, 2, 1, 1, 5, 1, 7]
(23, 1, 1) [0, 4, 3, 1, 1, 1, 266, 4, 3, 1, 1, 1, 266, 4, 3, 1, 1, 1, 266, 4, 3, 1, 1, 1]
(24, 0, 0) [0, 31, 1, 34, 2, 1, 3, 31, 1, 34, 2, 1, 3, 31, 1, 34, 2, 1, 3, 31, 1, 34, 2, 1]
(24, 0, 1) [-1, 7, 1, 157, 1, 8, 1, 6, 1, 157, 1, 8, 1, 6, 1, 157, 1, 8, 1, 6, 1, 157, 1, 8]
(24, 1, 0) [-1, 5, 2, 5, 1, 175, 1, 4, 2, 5, 1, 175, 1, 4, 2, 5, 1, 175, 1, 4, 2, 5, 1, 175]
(24, 1, 1) [0, 31, 1, 1, 2, 1, 1, 1, 2, 1, 5, 31, 1, 1, 2, 1, 1, 1, 2, 1, 5, 31, 1, 1]
(25, 0, 0) [0, 1, 27, 2, 1, 1, 1, 3, 14, 1, 27, 2, 1, 1, 1, 3, 14, 1, 27, 2, 1, 1, 1, 3]
(25, 0, 1) [0, 4, 1, 9, 1, 1, 6, 2, 8, 4, 1, 9, 1, 1, 6, 2, 8, 4, 1, 9, 1, 1, 6, 2]
(25, 1, 0) [-1, 1, 8, 1, 5, 1, 2, 5, 5, 2, 9, 1, 5, 1, 2, 5, 5, 2, 9, 1, 5, 1, 2, 5]
(25, 1, 1) [0, 2, 2, 3, 1, 2, 3, 1, 2, 1, 1, 2, 2, 2, 2, 3, 1, 2, 3, 1, 2, 1, 1, 2]
(26, 0, 0) [-1, 13, 5, 3, 1, 1, 3, 6, 1, 12, 5, 3, 1, 1, 3, 6, 1, 12, 5, 3, 1, 1, 3, 6]
(26, 0, 1) [-1, 1, 28, 1, 10, 38, 29, 1, 10, 38, 29, 1, 10, 38, 29, 1, 10, 38, 29, 1, 10, 38, 29, 1]
(26, 1, 0) [0, 3, 1, 1, 9, 1, 3, 1, 5, 2, 2, 3, 1, 1, 9, 1, 3, 1, 5, 2, 2, 3, 1, 1]
(26, 1, 1) [-1, 2, 4, 7, 2, 2, 5, 1, 1, 2, 1, 1, 4, 7, 2, 2, 5, 1, 1, 2, 1, 1, 4, 7]
(27, 0, 0) [0, 1, 24, 2, 2, 16, 5, 1, 24, 2, 2, 16, 5, 1, 24, 2, 2, 16, 5, 1, 24, 2, 2, 16]
(27, 0, 1) [-1, 1, 3, 2, 1, 2, 2, 23, 1, 5, 4, 2, 1, 2, 2, 23, 1, 5, 4, 2, 1, 2, 2, 23]
(27, 1, 0) [0, 2, 12, 3, 4, 3, 1, 1, 4, 2, 12, 3, 4, 3, 1, 1, 4, 2, 12, 3, 4, 3, 1, 1]
(27, 1, 1) [0, 1, 5, 2, 1, 4, 5, 1, 21, 1, 5, 2, 1, 4, 5, 1, 21, 1, 5, 2, 1, 4, 5, 1]
(28, 0, 0) [-1, 1, 14, 1, 2, 2, 5, 6, 1, 2, 15, 1, 2, 2, 5, 6, 1, 2, 15, 1, 2, 2, 5, 6]
(28, 0, 1) [0, 2, 2, 2, 2, 2, 20, 1, 7, 2, 2, 2, 2, 2, 20, 1, 7, 2, 2, 2, 2, 2, 20, 1]
(28, 1, 0) [0, 3, 1, 1, 2, 2, 1, 3, 2, 1, 16, 3, 1, 1, 2, 2, 1, 3, 2, 1, 16, 3, 1, 1]
(28, 1, 1) [-1, 1, 3, 5, 1, 2, 14, 12, 4, 5, 1, 2, 14, 12, 4, 5, 1, 2, 14, 12, 4, 5, 1, 2]
(29, 0, 0) [0, 18, 1, 71, 1, 1, 4, 18, 1, 71, 1, 1, 4, 18, 1, 71, 1, 1, 4, 18, 1, 71, 1, 1]
(29, 0, 1) [0, 3, 1, 14, 1, 1, 1, 3, 18, 3, 1, 14, 1, 1, 1, 3, 18, 3, 1, 14, 1, 1, 1, 3]
(29, 1, 0) [0, 14, 3, 4, 1, 1, 1, 3, 5, 14, 3, 4, 1, 1, 1, 3, 5, 14, 3, 4, 1, 1, 1, 3]
(29, 1, 1) [-1, 1, 4, 2, 3, 3, 1, 76, 5, 2, 3, 3, 1, 76, 5, 2, 3, 3, 1, 76, 5, 2, 3, 3]
(30, 0, 0) [0, 3, 7, 7, 1, 1, 15, 1, 1, 3, 7, 7, 1, 1, 15, 1, 1, 3, 7, 7, 1, 1, 15, 1]
(30, 0, 1) [0, 1, 1, 5, 4, 2, 1, 2, 1, 1, 4, 1, 1, 1, 1, 5, 4, 2, 1, 2, 1, 1, 4, 1]
(30, 1, 0) [-1, 1, 3, 1, 3, 3, 2, 1, 10, 1, 1, 2, 4, 1, 3, 3, 2, 1, 10, 1, 1, 2, 4, 1]
(30, 1, 1) [0, 1, 1, 4, 1, 1, 1, 9, 11, 1, 2, 1, 1, 4, 1, 1, 1, 9, 11, 1, 2, 1, 1, 4]
(31, 0, 0) [0, 2, 3, 13, 1, 11, 10, 2, 3, 13, 1, 11, 10, 2, 3, 13, 1, 11, 10, 2, 3, 13, 1, 11]
(31, 0, 1) [-1, 2, 2, 3, 1, 2, 6, 4, 1, 1, 1, 1, 1, 1, 2, 3, 1, 2, 6, 4, 1, 1, 1, 1]
(31, 1, 0) [0, 2, 1, 3, 1, 1, 1, 1, 1, 1, 1, 2, 17, 2, 1, 3, 1, 1, 1, 1, 1, 1, 1, 2]
(31, 1, 1) [0, 2, 1, 1, 4, 10, 1, 19, 2, 2, 1, 1, 4, 10, 1, 19, 2, 2, 1, 1, 4, 10, 1, 19]
(32, 0, 0) [-1, 1, 33, 2, 6, 1, 2, 1, 1, 3, 34, 2, 6, 1, 2, 1, 1, 3, 34, 2, 6, 1, 2, 1]
(32, 0, 1) [-1, 1, 1, 1, 4, 1, 10, 5, 1, 10, 2, 1, 4, 1, 10, 5, 1, 10, 2, 1, 4, 1, 10, 5]
(32, 1, 0) [0, 2, 2, 1, 9, 1, 1, 1, 6, 3, 2, 2, 2, 1, 9, 1, 1, 1, 6, 3, 2, 2, 2, 1]
(32, 1, 1) [0, 1, 1, 4, 3, 1, 1, 1, 1, 2, 27, 1, 1, 4, 3, 1, 1, 1, 1, 2, 27, 1, 1, 4]
(33, 0, 0) [0, 1, 2, 4, 2, 3, 1, 35, 2, 1, 2, 4, 2, 3, 1, 35, 2, 1, 2, 4, 2, 3, 1, 35]
(33, 0, 1) [-1, 3, 6, 1, 1, 1, 7, 1, 1, 11, 1, 2, 6, 1, 1, 1, 7, 1, 1, 11, 1, 2, 6, 1]
(33, 1, 0) [-1, 1, 3, 2, 6, 7, 13, 2, 4, 2, 6, 7, 13, 2, 4, 2, 6, 7, 13, 2, 4, 2, 6, 7]
(33, 1, 1) [-1, 4, 40, 1, 1, 1, 1, 14, 1, 3, 40, 1, 1, 1, 1, 14, 1, 3, 40, 1, 1, 1, 1, 14]
(34, 0, 0) [0, 2, 1, 123, 1, 1, 16, 2, 1, 123, 1, 1, 16, 2, 1, 123, 1, 1, 16, 2, 1, 123, 1, 1]
(34, 0, 1) [0, 2, 1, 7, 2, 1, 3, 2, 2, 1, 5, 2, 1, 7, 2, 1, 3, 2, 2, 1, 5, 2, 1, 7]
(34, 1, 0) [0, 24, 1, 1, 83, 1, 2, 24, 1, 1, 83, 1, 2, 24, 1, 1, 83, 1, 2, 24, 1, 1, 83, 1]
(34, 1, 1) [-1, 1, 1, 2, 20, 7, 1, 14, 2, 2, 20, 7, 1, 14, 2, 2, 20, 7, 1, 14, 2, 2, 20, 7]
(35, 0, 0) [-1, 1, 23, 1, 7, 1, 2, 19, 24, 1, 7, 1, 2, 19, 24, 1, 7, 1, 2, 19, 24, 1, 7, 1]
(35, 0, 1) [-1, 1, 2, 3, 1, 3, 4, 1, 1, 26, 3, 3, 1, 3, 4, 1, 1, 26, 3, 3, 1, 3, 4, 1]
(35, 1, 0) [0, 2, 14, 3, 1, 4, 4, 1, 3, 2, 14, 3, 1, 4, 4, 1, 3, 2, 14, 3, 1, 4, 4, 1]
(35, 1, 1) [-1, 1, 1, 2, 1, 4, 1, 1, 1, 19, 1, 4, 2, 2, 1, 4, 1, 1, 1, 19, 1, 4, 2, 2]
(36, 0, 0) [-1, 2, 16, 7, 6, 1, 1, 3, 1, 1, 16, 7, 6, 1, 1, 3, 1, 1, 16, 7, 6, 1, 1, 3]
(36, 0, 1) [0, 1, 2, 8, 1, 4, 1, 16, 1, 1, 1, 1, 2, 8, 1, 4, 1, 16, 1, 1, 1, 1, 2, 8]
(36, 1, 0) [0, 1, 4, 2, 1, 19, 1, 1, 2, 1, 4, 1, 4, 2, 1, 19, 1, 1, 2, 1, 4, 1, 4, 2]
(36, 1, 1) [0, 3, 1, 2, 1, 2, 1, 1, 1, 1, 3, 1, 1, 1, 3, 3, 1, 2, 1, 2, 1, 1, 1, 1]
(37, 0, 0) [0, 2, 1, 3, 1, 11, 4, 5, 3, 2, 1, 3, 1, 11, 4, 5, 3, 2, 1, 3, 1, 11, 4, 5]
(37, 0, 1) [-1, 1, 2, 3, 2, 2, 1, 1, 3, 2, 1, 1, 1, 2, 3, 3, 2, 2, 1, 1, 3, 2, 1, 1]
(37, 1, 0) [0, 2, 20, 1, 16, 1, 3, 1, 2, 2, 20, 1, 16, 1, 3, 1, 2, 2, 20, 1, 16, 1, 3, 1]
(37, 1, 1) [0, 5, 9, 1, 17, 2, 6, 5, 9, 1, 17, 2, 6, 5, 9, 1, 17, 2, 6, 5, 9, 1, 17, 2]
(38, 0, 0) [-1, 2, 2, 6, 1, 6, 1, 3, 1, 2, 1, 1, 1, 1, 2, 6, 1, 6, 1, 3, 1, 2, 1, 1]
(38, 0, 1) [0, 11, 1, 1, 2, 2, 2, 17, 2, 11, 1, 1, 2, 2, 2, 17, 2, 11, 1, 1, 2, 2, 2, 17]
(38, 1, 0) [0, 3, 2, 3, 7, 1, 10, 2, 2, 3, 2, 3, 7, 1, 10, 2, 2, 3, 2, 3, 7, 1, 10, 2]
(38, 1, 1) [0, 1, 1, 7, 1, 2, 1, 2, 3, 2, 8, 1, 1, 7, 1, 2, 1, 2, 3, 2, 8, 1, 1, 7]
(39, 0, 0) [0, 1, 7, 1, 4, 1, 6, 4, 2, 1, 1, 1, 7, 1, 4, 1, 6, 4, 2, 1, 1, 1, 7, 1]
(39, 0, 1) [0, 17, 2, 1, 3, 1, 1, 13, 2, 17, 2, 1, 3, 1, 1, 13, 2, 17, 2, 1, 3, 1, 1, 13]
(39, 1, 0) [-1, 3, 5, 2, 12, 2, 3, 3, 1, 2, 5, 2, 12, 2, 3, 3, 1, 2, 5, 2, 12, 2, 3, 3]
(39, 1, 1) [-1, 1, 1, 2, 1, 2, 10, 3, 2, 8, 2, 2, 1, 2, 10, 3, 2, 8, 2, 2, 1, 2, 10, 3]
(40, 0, 0) [0, 2, 1, 2, 2, 2, 8, 1, 7, 1, 2, 2, 1, 2, 2, 2, 8, 1, 7, 1, 2, 2, 1, 2]
(40, 0, 1) [0, 1, 2, 2, 1, 1, 1, 12, 36, 1, 2, 2, 1, 1, 1, 12, 36, 1, 2, 2, 1, 1, 1, 12]
(40, 1, 0) [0, 6, 2, 1, 1, 5, 1, 1, 1, 5, 1, 1, 1, 6, 2, 1, 1, 5, 1, 1, 1, 5, 1, 1]
(40, 1, 1) [0, 1, 7, 2, 2, 2, 6, 1, 15, 1, 7, 2, 2, 2, 6, 1, 15, 1, 7, 2, 2, 2, 6, 1]
(41, 0, 0) [0, 1, 1, 1, 2, 1, 3, 1, 2, 1, 9, 2, 2, 1, 1, 1, 2, 1, 3, 1, 2, 1, 9, 2]
(41, 0, 1) [0, 9, 2, 3, 2, 1, 57, 9, 2, 3, 2, 1, 57, 9, 2, 3, 2, 1, 57, 9, 2, 3, 2, 1]
(41, 1, 0) [0, 1, 50, 9, 1, 7, 2, 1, 50, 9, 1, 7, 2, 1, 50, 9, 1, 7, 2, 1, 50, 9, 1, 7]
(41, 1, 1) [-1, 1, 2, 2, 15, 1, 10, 1, 1, 1, 1, 1, 3, 2, 15, 1, 10, 1, 1, 1, 1, 1, 3, 2]
(42, 0, 0) [0, 1, 4, 90, 27, 1, 4, 90, 27, 1, 4, 90, 27, 1, 4, 90, 27, 1, 4, 90, 27, 1, 4, 90]
(42, 0, 1) [0, 2, 3, 3, 21, 1, 2, 1, 5, 2, 3, 3, 21, 1, 2, 1, 5, 2, 3, 3, 21, 1, 2, 1]
(42, 1, 0) [0, 1, 3, 5, 1, 17, 4, 1, 4, 1, 3, 5, 1, 17, 4, 1, 4, 1, 3, 5, 1, 17, 4, 1]
(42, 1, 1) [-1, 1, 5, 1, 3, 1, 1, 4, 1, 2, 2, 5, 6, 1, 3, 1, 1, 4, 1, 2, 2, 5, 6, 1]
(43, 0, 0) [-1, 1, 3, 6, 43, 1, 1, 5, 4, 6, 43, 1, 1, 5, 4, 6, 43, 1, 1, 5, 4, 6, 43, 1]
(43, 0, 1) [-1, 1, 4, 1, 17, 117, 5, 1, 17, 117, 5, 1, 17, 117, 5, 1, 17, 117, 5, 1, 17, 117, 5, 1]
(43, 1, 0) [0, 1, 7, 1, 9, 1, 20, 1, 4, 1, 7, 1, 9, 1, 20, 1, 4, 1, 7, 1, 9, 1, 20, 1]
(43, 1, 1) [-1, 2, 1, 2, 1, 2, 3, 4, 1, 22, 1, 1, 1, 2, 1, 2, 3, 4, 1, 22, 1, 1, 1, 2]
(44, 0, 0) [0, 7, 69, 6, 4, 7, 69, 6, 4, 7, 69, 6, 4, 7, 69, 6, 4, 7, 69, 6, 4, 7, 69, 6]
(44, 0, 1) [0, 1, 2, 1, 1, 80, 2, 1, 6, 1, 2, 1, 1, 80, 2, 1, 6, 1, 2, 1, 1, 80, 2, 1]
(44, 1, 0) [0, 1, 13, 31, 4, 1, 4, 1, 13, 31, 4, 1, 4, 1, 13, 31, 4, 1, 4, 1, 13, 31, 4, 1]
(44, 1, 1) [0, 403, 1, 2, 1, 6, 1, 403, 1, 2, 1, 6, 1, 403, 1, 2, 1, 6, 1, 403, 1, 2, 1, 6]
(45, 0, 0) [-1, 1, 1, 33, 1, 3, 1, 1, 1, 4, 1, 1, 2, 33, 1, 3, 1, 1, 1, 4, 1, 1, 2, 33]
(45, 0, 1) [-1, 1, 21, 5, 3, 1, 5, 1, 2, 1, 22, 5, 3, 1, 5, 1, 2, 1, 22, 5, 3, 1, 5, 1]
(45, 1, 0) [-1, 1, 7, 1, 2, 1, 12, 6, 1, 3, 8, 1, 2, 1, 12, 6, 1, 3, 8, 1, 2, 1, 12, 6]
(45, 1, 1) [-1, 1, 2, 2, 1, 4, 1, 1, 4, 26, 3, 2, 1, 4, 1, 1, 4, 26, 3, 2, 1, 4, 1, 1]
(46, 0, 0) [0, 1, 3, 2, 1, 4, 1, 60, 2, 1, 3, 2, 1, 4, 1, 60, 2, 1, 3, 2, 1, 4, 1, 60]
(46, 0, 1) [0, 5, 1, 1, 2, 1, 4, 8, 8, 5, 1, 1, 2, 1, 4, 8, 8, 5, 1, 1, 2, 1, 4, 8]
(46, 1, 0) [0, 305, 1, 4, 8, 305, 1, 4, 8, 305, 1, 4, 8, 305, 1, 4, 8, 305, 1, 4, 8, 305, 1, 4]
(46, 1, 1) [0, 41, 1, 1, 1, 1, 2, 1, 16, 41, 1, 1, 1, 1, 2, 1, 16, 41, 1, 1, 1, 1, 2, 1]
(47, 0, 0) [-1, 1, 2, 1, 7, 1, 4, 1, 3, 1, 1, 2, 1, 1, 3, 1, 7, 1, 4, 1, 3, 1, 1, 2]
(47, 0, 1) [0, 1, 1, 6, 1, 2, 1, 3, 57, 1, 1, 6, 1, 2, 1, 3, 57, 1, 1, 6, 1, 2, 1, 3]
(47, 1, 0) [-1, 1, 2, 9, 1, 1, 2, 6, 1, 1, 1, 3, 3, 9, 1, 1, 2, 6, 1, 1, 1, 3, 3, 9]
(47, 1, 1) [0, 1, 10, 1, 9, 1, 2, 1, 7, 1, 1, 1, 10, 1, 9, 1, 2, 1, 7, 1, 1, 1, 10, 1]
(48, 0, 0) [0, 1, 2, 4, 1, 62, 4, 1, 1, 1, 2, 4, 1, 62, 4, 1, 1, 1, 2, 4, 1, 62, 4, 1]
(48, 0, 1) [0, 1, 2, 1, 8, 1, 35, 1, 7, 1, 2, 1, 8, 1, 35, 1, 7, 1, 2, 1, 8, 1, 35, 1]
(48, 1, 0) [0, 3, 1, 11, 1, 5, 2, 1, 1, 1, 4, 3, 1, 11, 1, 5, 2, 1, 1, 1, 4, 3, 1, 11]
(48, 1, 1) [-1, 7, 1, 1, 3, 1, 6, 1, 1, 2, 1, 2, 1, 6, 1, 1, 3, 1, 6, 1, 1, 2, 1, 2]
(49, 0, 0) [-1, 1, 3, 2, 43, 3, 1, 7, 4, 2, 43, 3, 1, 7, 4, 2, 43, 3, 1, 7, 4, 2, 43, 3]
(49, 0, 1) [-1, 1, 1, 2, 291, 3, 1, 1, 2, 2, 291, 3, 1, 1, 2, 2, 291, 3, 1, 1, 2, 2, 291, 3]
(49, 1, 0) [-1, 1, 1, 1, 8, 19, 2, 1, 1, 4, 2, 1, 8, 19, 2, 1, 1, 4, 2, 1, 8, 19, 2, 1]
(49, 1, 1) [-1, 1, 56, 1, 5, 1, 14, 2, 57, 1, 5, 1, 14, 2, 57, 1, 5, 1, 14, 2, 57, 1, 5, 1]
(50, 0, 0) [-1, 2, 27, 3, 1, 11, 1, 3, 1, 1, 27, 3, 1, 11, 1, 3, 1, 1, 27, 3, 1, 11, 1, 3]
(50, 0, 1) [0, 4, 1, 1, 3, 4, 4, 1, 2, 2, 2, 4, 1, 1, 3, 4, 4, 1, 2, 2, 2, 4, 1, 1]
(50, 1, 0) [0, 1, 5, 1, 2, 2, 6, 2, 2, 1, 4, 1, 5, 1, 2, 2, 6, 2, 2, 1, 4, 1, 5, 1]
(50, 1, 1) [-1, 2, 5, 8, 13, 10, 1, 1, 5, 8, 13, 10, 1, 1, 5, 8, 13, 10, 1, 1, 5, 8, 13, 10]
(51, 0, 0) [0, 19, 1, 1, 28, 2, 5, 19, 1, 1, 28, 2, 5, 19, 1, 1, 28, 2, 5, 19, 1, 1, 28, 2]
(51, 0, 1) [0, 7, 1, 2, 1, 30, 13, 7, 1, 2, 1, 30, 13, 7, 1, 2, 1, 30, 13, 7, 1, 2, 1, 30]
(51, 1, 0) [-1, 1, 8, 1, 4, 1, 8, 5, 1, 3, 9, 1, 4, 1, 8, 5, 1, 3, 9, 1, 4, 1, 8, 5]
(51, 1, 1) [0, 2, 2, 1, 6, 1, 2, 5, 1, 4, 2, 2, 2, 1, 6, 1, 2, 5, 1, 4, 2, 2, 2, 1]
(52, 0, 0) [0, 1, 2, 4, 3, 3, 2, 2, 15, 1, 2, 4, 3, 3, 2, 2, 15, 1, 2, 4, 3, 3, 2, 2]
(52, 0, 1) [-1, 1, 3, 1, 2, 7, 1, 47, 1, 1, 4, 1, 2, 7, 1, 47, 1, 1, 4, 1, 2, 7, 1, 47]
(52, 1, 0) [0, 1, 1, 3, 2, 1, 15, 6, 5, 1, 1, 3, 2, 1, 15, 6, 5, 1, 1, 3, 2, 1, 15, 6]
(52, 1, 1) [-1, 3, 2, 3, 1, 40, 1, 8, 1, 2, 2, 3, 1, 40, 1, 8, 1, 2, 2, 3, 1, 40, 1, 8]
(53, 0, 0) [0, 1, 4, 2, 17, 11, 5, 1, 4, 2, 17, 11, 5, 1, 4, 2, 17, 11, 5, 1, 4, 2, 17, 11]
(53, 0, 1) [-1, 2, 7, 4, 2, 1, 2, 3, 1, 4, 1, 1, 7, 4, 2, 1, 2, 3, 1, 4, 1, 1, 7, 4]
(53, 1, 0) [-1, 1, 86, 2, 4, 3, 1, 3, 87, 2, 4, 3, 1, 3, 87, 2, 4, 3, 1, 3, 87, 2, 4, 3]
(53, 1, 1) [-1, 22, 1, 5, 1, 25, 1, 1, 1, 21, 1, 5, 1, 25, 1, 1, 1, 21, 1, 5, 1, 25, 1, 1]
(54, 0, 0) [0, 1, 5, 1, 26, 1, 2, 2, 8, 1, 5, 1, 26, 1, 2, 2, 8, 1, 5, 1, 26, 1, 2, 2]
(54, 0, 1) [-1, 1, 3, 1, 9, 1, 10, 21, 4, 1, 9, 1, 10, 21, 4, 1, 9, 1, 10, 21, 4, 1, 9, 1]
(54, 1, 0) [0, 3, 1, 1, 1, 3, 137, 1, 1, 3, 1, 1, 1, 3, 137, 1, 1, 3, 1, 1, 1, 3, 137, 1]
(54, 1, 1) [0, 4, 4, 6, 1, 1, 54, 4, 4, 6, 1, 1, 54, 4, 4, 6, 1, 1, 54, 4, 4, 6, 1, 1]
(55, 0, 0) [0, 6, 1, 110, 7, 1, 1, 6, 1, 110, 7, 1, 1, 6, 1, 110, 7, 1, 1, 6, 1, 110, 7, 1]
(55, 0, 1) [0, 1, 29, 1, 4, 1, 66, 1, 29, 1, 4, 1, 66, 1, 29, 1, 4, 1, 66, 1, 29, 1, 4, 1]
(55, 1, 0) [0, 1, 1, 21, 1, 1, 1, 2, 9, 1, 2, 1, 1, 21, 1, 1, 1, 2, 9, 1, 2, 1, 1, 21]
(55, 1, 1) [0, 6, 338, 1, 5, 6, 338, 1, 5, 6, 338, 1, 5, 6, 338, 1, 5, 6, 338, 1, 5, 6, 338, 1]
(56, 0, 0) [0, 12, 4, 1, 5, 11, 3, 12, 4, 1, 5, 11, 3, 12, 4, 1, 5, 11, 3, 12, 4, 1, 5, 11]
(56, 0, 1) [0, 4, 2, 1, 47, 1, 2, 1, 4, 4, 2, 1, 47, 1, 2, 1, 4, 4, 2, 1, 47, 1, 2, 1]
(56, 1, 0) [0, 3, 1, 3, 4, 2, 15, 2, 2, 3, 1, 3, 4, 2, 15, 2, 2, 3, 1, 3, 4, 2, 15, 2]
(56, 1, 1) [0, 1, 1, 4, 1, 3, 4, 7, 9, 1, 1, 4, 1, 3, 4, 7, 9, 1, 1, 4, 1, 3, 4, 7]
(57, 0, 0) [-1, 12, 1, 963, 1, 11, 1, 963, 1, 11, 1, 963, 1, 11, 1, 963, 1, 11, 1, 963, 1, 11, 1, 963]
(57, 0, 1) [0, 4, 1, 1, 4, 7, 1, 1, 1, 1, 7, 4, 1, 1, 4, 7, 1, 1, 1, 1, 7, 4, 1, 1]
(57, 1, 0) [-1, 64, 1, 191, 1, 63, 1, 191, 1, 63, 1, 191, 1, 63, 1, 191, 1, 63, 1, 191, 1, 63, 1, 191]
(57, 1, 1) [-1, 1, 4, 2, 2, 5, 2, 2, 1, 1, 2, 2, 5, 2, 2, 5, 2, 2, 1, 1, 2, 2, 5, 2]
(58, 0, 0) [-1, 1, 4, 1, 4, 12, 3, 11, 5, 1, 4, 12, 3, 11, 5, 1, 4, 12, 3, 11, 5, 1, 4, 12]
(58, 0, 1) [-1, 3, 1, 47, 1, 2, 4, 4, 1, 2, 1, 47, 1, 2, 4, 4, 1, 2, 1, 47, 1, 2, 4, 4]
(58, 1, 0) [-1, 4, 2, 2, 15, 2, 4, 3, 1, 3, 2, 2, 15, 2, 4, 3, 1, 3, 2, 2, 15, 2, 4, 3]
(58, 1, 1) [-1, 1, 6, 4, 3, 1, 4, 1, 1, 9, 7, 4, 3, 1, 4, 1, 1, 9, 7, 4, 3, 1, 4, 1]
(59, 0, 0) [-1, 1, 6, 110, 1, 6, 1, 1, 7, 110, 1, 6, 1, 1, 7, 110, 1, 6, 1, 1, 7, 110, 1, 6]
(59, 0, 1) [-1, 30, 1, 66, 1, 4, 1, 29, 1, 66, 1, 4, 1, 29, 1, 66, 1, 4, 1, 29, 1, 66, 1, 4]
(59, 1, 0) [-1, 2, 1, 21, 1, 1, 2, 1, 9, 2, 1, 1, 1, 21, 1, 1, 2, 1, 9, 2, 1, 1, 1, 21]
(59, 1, 1) [-1, 1, 5, 5, 1, 338, 6, 5, 1, 338, 6, 5, 1, 338, 6, 5, 1, 338, 6, 5, 1, 338, 6, 5]
(60, 0, 0) [0, 2, 2, 1, 26, 1, 5, 1, 8, 2, 2, 1, 26, 1, 5, 1, 8, 2, 2, 1, 26, 1, 5, 1]
(60, 0, 1) [0, 10, 1, 9, 1, 4, 21, 10, 1, 9, 1, 4, 21, 10, 1, 9, 1, 4, 21, 10, 1, 9, 1, 4]
(60, 1, 0) [-1, 2, 137, 3, 1, 1, 1, 3, 1, 1, 137, 3, 1, 1, 1, 3, 1, 1, 137, 3, 1, 1, 1, 3]
(60, 1, 1) [-1, 2, 6, 4, 4, 54, 1, 1, 6, 4, 4, 54, 1, 1, 6, 4, 4, 54, 1, 1, 6, 4, 4, 54]
(61, 0, 0) [0, 1, 5, 11, 17, 2, 4, 1, 5, 11, 17, 2, 4, 1, 5, 11, 17, 2, 4, 1, 5, 11, 17, 2]
(61, 0, 1) [-1, 1, 3, 1, 3, 2, 1, 2, 4, 7, 1, 1, 4, 1, 3, 2, 1, 2, 4, 7, 1, 1, 4, 1]
(61, 1, 0) [-1, 1, 86, 3, 1, 3, 4, 2, 87, 3, 1, 3, 4, 2, 87, 3, 1, 3, 4, 2, 87, 3, 1, 3]
(61, 1, 1) [0, 1, 21, 1, 1, 1, 25, 1, 5, 1, 21, 1, 1, 1, 25, 1, 5, 1, 21, 1, 1, 1, 25, 1]
(62, 0, 0) [-1, 1, 1, 1, 15, 2, 2, 3, 3, 4, 2, 1, 15, 2, 2, 3, 3, 4, 2, 1, 15, 2, 2, 3]
(62, 0, 1) [-1, 5, 1, 1, 47, 1, 7, 2, 1, 4, 1, 1, 47, 1, 7, 2, 1, 4, 1, 1, 47, 1, 7, 2]
(62, 1, 0) [0, 3, 1, 1, 5, 6, 15, 1, 2, 3, 1, 1, 5, 6, 15, 1, 2, 3, 1, 1, 5, 6, 15, 1]
(62, 1, 1) [-1, 1, 1, 1, 8, 1, 40, 1, 3, 2, 2, 1, 8, 1, 40, 1, 3, 2, 2, 1, 8, 1, 40, 1]
(63, 0, 0) [-1, 1, 27, 1, 1, 19, 5, 2, 28, 1, 1, 19, 5, 2, 28, 1, 1, 19, 5, 2, 28, 1, 1, 19]
(63, 0, 1) [0, 1, 7, 13, 30, 1, 2, 1, 7, 13, 30, 1, 2, 1, 7, 13, 30, 1, 2, 1, 7, 13, 30, 1]
(63, 1, 0) [0, 1, 9, 3, 1, 5, 8, 1, 4, 1, 9, 3, 1, 5, 8, 1, 4, 1, 9, 3, 1, 5, 8, 1]
(63, 1, 1) [-1, 1, 1, 2, 4, 1, 5, 2, 1, 6, 1, 2, 2, 2, 4, 1, 5, 2, 1, 6, 1, 2, 2, 2]
(64, 0, 0) [-1, 1, 26, 1, 1, 3, 1, 11, 1, 3, 27, 1, 1, 3, 1, 11, 1, 3, 27, 1, 1, 3, 1, 11]
(64, 0, 1) [-1, 1, 3, 3, 1, 1, 4, 2, 2, 2, 1, 4, 4, 3, 1, 1, 4, 2, 2, 2, 1, 4, 4, 3]
(64, 1, 0) [0, 1, 2, 2, 6, 2, 2, 1, 5, 1, 4, 1, 2, 2, 6, 2, 2, 1, 5, 1, 4, 1, 2, 2]
(64, 1, 1) [0, 13, 8, 5, 1, 1, 10, 13, 8, 5, 1, 1, 10, 13, 8, 5, 1, 1, 10, 13, 8, 5, 1, 1]
(65, 0, 0) [-1, 1, 42, 2, 4, 7, 1, 3, 43, 2, 4, 7, 1, 3, 43, 2, 4, 7, 1, 3, 43, 2, 4, 7]
(65, 0, 1) [0, 291, 2, 2, 1, 1, 3, 291, 2, 2, 1, 1, 3, 291, 2, 2, 1, 1, 3, 291, 2, 2, 1, 1]
(65, 1, 0) [0, 1, 2, 4, 1, 1, 2, 19, 8, 1, 2, 4, 1, 1, 2, 19, 8, 1, 2, 4, 1, 1, 2, 19]
(65, 1, 1) [-1, 1, 1, 14, 1, 5, 1, 57, 2, 14, 1, 5, 1, 57, 2, 14, 1, 5, 1, 57, 2, 14, 1, 5]
(66, 0, 0) [-1, 1, 1, 1, 1, 1, 4, 62, 1, 4, 2, 1, 1, 1, 4, 62, 1, 4, 2, 1, 1, 1, 4, 62]
(66, 0, 1) [-1, 8, 1, 35, 1, 8, 1, 2, 1, 7, 1, 35, 1, 8, 1, 2, 1, 7, 1, 35, 1, 8, 1, 2]
(66, 1, 0) [0, 1, 1, 1, 2, 5, 1, 11, 1, 3, 4, 1, 1, 1, 2, 5, 1, 11, 1, 3, 4, 1, 1, 1]
(66, 1, 1) [-1, 1, 1, 1, 1, 6, 1, 3, 1, 1, 6, 1, 2, 1, 2, 1, 1, 6, 1, 3, 1, 1, 6, 1]
(67, 0, 0) [-1, 2, 3, 1, 4, 1, 7, 1, 3, 1, 1, 2, 1, 1, 3, 1, 4, 1, 7, 1, 3, 1, 1, 2]
(67, 0, 1) [-1, 1, 2, 1, 2, 1, 6, 1, 1, 57, 3, 1, 2, 1, 6, 1, 1, 57, 3, 1, 2, 1, 6, 1]
(67, 1, 0) [-1, 2, 1, 6, 2, 1, 1, 9, 3, 3, 1, 1, 1, 6, 2, 1, 1, 9, 3, 3, 1, 1, 1, 6]
(67, 1, 1) [-1, 3, 1, 9, 1, 10, 1, 1, 1, 7, 1, 2, 1, 9, 1, 10, 1, 1, 1, 7, 1, 2, 1, 9]
(68, 0, 0) [-1, 1, 2, 1, 2, 60, 1, 4, 1, 2, 3, 1, 2, 60, 1, 4, 1, 2, 3, 1, 2, 60, 1, 4]
(68, 0, 1) [-1, 1, 4, 8, 8, 4, 1, 2, 1, 1, 5, 8, 8, 4, 1, 2, 1, 1, 5, 8, 8, 4, 1, 2]
(68, 1, 0) [-1, 306, 8, 4, 1, 305, 8, 4, 1, 305, 8, 4, 1, 305, 8, 4, 1, 305, 8, 4, 1, 305, 8, 4]
(68, 1, 1) [-1, 2, 1, 1, 41, 16, 1, 2, 1, 1, 1, 1, 41, 16, 1, 2, 1, 1, 1, 1, 41, 16, 1, 2]
(69, 0, 0) [0, 1, 1, 4, 1, 1, 1, 3, 1, 33, 2, 1, 1, 4, 1, 1, 1, 3, 1, 33, 2, 1, 1, 4]
(69, 0, 1) [-1, 6, 1, 3, 5, 22, 1, 2, 1, 5, 1, 3, 5, 22, 1, 2, 1, 5, 1, 3, 5, 22, 1, 2]
(69, 1, 0) [0, 1, 8, 3, 1, 6, 12, 1, 2, 1, 8, 3, 1, 6, 12, 1, 2, 1, 8, 3, 1, 6, 12, 1]
(69, 1, 1) [0, 3, 26, 4, 1, 1, 4, 1, 2, 3, 26, 4, 1, 1, 4, 1, 2, 3, 26, 4, 1, 1, 4, 1]
(70, 0, 0) [-1, 1, 68, 7, 4, 6, 69, 7, 4, 6, 69, 7, 4, 6, 69, 7, 4, 6, 69, 7, 4, 6, 69, 7]
(70, 0, 1) [-1, 1, 79, 1, 1, 2, 1, 6, 1, 2, 80, 1, 1, 2, 1, 6, 1, 2, 80, 1, 1, 2, 1, 6]
(70, 1, 0) [0, 1, 4, 31, 13, 1, 4, 1, 4, 31, 13, 1, 4, 1, 4, 31, 13, 1, 4, 1, 4, 31, 13, 1]
(70, 1, 1) [0, 1, 2, 1, 403, 1, 6, 1, 2, 1, 403, 1, 6, 1, 2, 1, 403, 1, 6, 1, 2, 1, 403, 1]
(71, 0, 0) [0, 5, 1, 1, 43, 6, 4, 5, 1, 1, 43, 6, 4, 5, 1, 1, 43, 6, 4, 5, 1, 1, 43, 6]
(71, 0, 1) [0, 17, 1, 5, 117, 17, 1, 5, 117, 17, 1, 5, 117, 17, 1, 5, 117, 17, 1, 5, 117, 17, 1, 5]
(71, 1, 0) [0, 1, 4, 1, 20, 1, 9, 1, 7, 1, 4, 1, 20, 1, 9, 1, 7, 1, 4, 1, 20, 1, 9, 1]
(71, 1, 1) [0, 1, 1, 1, 22, 1, 4, 3, 2, 1, 2, 1, 1, 1, 22, 1, 4, 3, 2, 1, 2, 1, 1, 1]
(72, 0, 0) [0, 90, 4, 1, 27, 90, 4, 1, 27, 90, 4, 1, 27, 90, 4, 1, 27, 90, 4, 1, 27, 90, 4, 1]
(72, 0, 1) [0, 3, 2, 5, 1, 2, 1, 21, 3, 3, 2, 5, 1, 2, 1, 21, 3, 3, 2, 5, 1, 2, 1, 21]
(72, 1, 0) [0, 17, 1, 5, 3, 1, 4, 1, 4, 17, 1, 5, 3, 1, 4, 1, 4, 17, 1, 5, 3, 1, 4, 1]
(72, 1, 1) [-1, 1, 1, 1, 4, 1, 1, 3, 1, 6, 5, 2, 2, 1, 4, 1, 1, 3, 1, 6, 5, 2, 2, 1]
(73, 0, 0) [-1, 1, 8, 1, 2, 1, 3, 1, 2, 1, 1, 1, 2, 2, 9, 1, 2, 1, 3, 1, 2, 1, 1, 1]
(73, 0, 1) [-1, 1, 2, 2, 9, 57, 1, 2, 3, 2, 9, 57, 1, 2, 3, 2, 9, 57, 1, 2, 3, 2, 9, 57]
(73, 1, 0) [-1, 10, 50, 1, 2, 7, 1, 9, 50, 1, 2, 7, 1, 9, 50, 1, 2, 7, 1, 9, 50, 1, 2, 7]
(73, 1, 1) [0, 10, 1, 15, 2, 3, 1, 1, 1, 1, 1, 10, 1, 15, 2, 3, 1, 1, 1, 1, 1, 10, 1, 15]
(74, 0, 0) [0, 2, 2, 2, 1, 2, 2, 1, 7, 1, 8, 2, 2, 2, 1, 2, 2, 1, 7, 1, 8, 2, 2, 2]
(74, 0, 1) [0, 1, 2, 2, 1, 36, 12, 1, 1, 1, 2, 2, 1, 36, 12, 1, 1, 1, 2, 2, 1, 36, 12, 1]
(74, 1, 0) [-1, 6, 1, 1, 1, 5, 1, 1, 2, 6, 1, 1, 1, 5, 1, 1, 1, 5, 1, 1, 2, 6, 1, 1]
(74, 1, 1) [-1, 1, 1, 2, 2, 7, 1, 15, 1, 6, 2, 2, 2, 7, 1, 15, 1, 6, 2, 2, 2, 7, 1, 15]
(75, 0, 0) [0, 1, 4, 1, 7, 1, 1, 1, 2, 4, 6, 1, 4, 1, 7, 1, 1, 1, 2, 4, 6, 1, 4, 1]
(75, 0, 1) [-1, 3, 17, 2, 13, 1, 1, 3, 1, 2, 17, 2, 13, 1, 1, 3, 1, 2, 17, 2, 13, 1, 1, 3]
(75, 1, 0) [0, 2, 12, 2, 5, 2, 1, 3, 3, 2, 12, 2, 5, 2, 1, 3, 3, 2, 12, 2, 5, 2, 1, 3]
(75, 1, 1) [0, 10, 2, 1, 2, 2, 8, 2, 3, 10, 2, 1, 2, 2, 8, 2, 3, 10, 2, 1, 2, 2, 8, 2]
(76, 0, 0) [0, 1, 1, 1, 1, 2, 1, 3, 1, 6, 1, 6, 2, 1, 1, 1, 1, 2, 1, 3, 1, 6, 1, 6]
(76, 0, 1) [0, 2, 17, 2, 2, 2, 1, 1, 11, 2, 17, 2, 2, 2, 1, 1, 11, 2, 17, 2, 2, 2, 1, 1]
(76, 1, 0) [0, 3, 2, 3, 2, 2, 10, 1, 7, 3, 2, 3, 2, 2, 10, 1, 7, 3, 2, 3, 2, 2, 10, 1]
(76, 1, 1) [0, 1, 7, 1, 1, 8, 2, 3, 2, 1, 2, 1, 7, 1, 1, 8, 2, 3, 2, 1, 2, 1, 7, 1]
(77, 0, 0) [-1, 1, 2, 5, 4, 11, 1, 3, 1, 2, 3, 5, 4, 11, 1, 3, 1, 2, 3, 5, 4, 11, 1, 3]
(77, 0, 1) [0, 1, 1, 1, 2, 3, 1, 1, 2, 2, 3, 3, 2, 1, 1, 1, 2, 3, 1, 1, 2, 2, 3, 3]
(77, 1, 0) [0, 2, 2, 1, 3, 1, 16, 1, 20, 2, 2, 1, 3, 1, 16, 1, 20, 2, 2, 1, 3, 1, 16, 1]
(77, 1, 1) [-1, 1, 4, 6, 2, 17, 1, 9, 5, 6, 2, 17, 1, 9, 5, 6, 2, 17, 1, 9, 5, 6, 2, 17]
(78, 0, 0) [-1, 2, 6, 7, 16, 1, 1, 3, 1, 1, 6, 7, 16, 1, 1, 3, 1, 1, 6, 7, 16, 1, 1, 3]
(78, 0, 1) [0, 1, 4, 1, 8, 2, 1, 1, 1, 1, 16, 1, 4, 1, 8, 2, 1, 1, 1, 1, 16, 1, 4, 1]
(78, 1, 0) [0, 1, 4, 1, 2, 1, 1, 19, 1, 2, 4, 1, 4, 1, 2, 1, 1, 19, 1, 2, 4, 1, 4, 1]
(78, 1, 1) [0, 3, 1, 1, 1, 3, 1, 1, 1, 1, 2, 1, 2, 1, 3, 3, 1, 1, 1, 3, 1, 1, 1, 1]
(79, 0, 0) [0, 1, 24, 19, 2, 1, 7, 1, 24, 19, 2, 1, 7, 1, 24, 19, 2, 1, 7, 1, 24, 19, 2, 1]
(79, 0, 1) [0, 4, 3, 1, 3, 3, 26, 1, 1, 4, 3, 1, 3, 3, 26, 1, 1, 4, 3, 1, 3, 3, 26, 1]
(79, 1, 0) [0, 4, 1, 3, 14, 2, 3, 1, 4, 4, 1, 3, 14, 2, 3, 1, 4, 4, 1, 3, 14, 2, 3, 1]
(79, 1, 1) [0, 1, 1, 1, 4, 1, 2, 2, 4, 1, 19, 1, 1, 1, 4, 1, 2, 2, 4, 1, 19, 1, 1, 1]
(80, 0, 0) [0, 123, 1, 2, 16, 1, 1, 123, 1, 2, 16, 1, 1, 123, 1, 2, 16, 1, 1, 123, 1, 2, 16, 1]
(80, 0, 1) [0, 2, 2, 3, 1, 2, 7, 1, 2, 5, 1, 2, 2, 3, 1, 2, 7, 1, 2, 5, 1, 2, 2, 3]
(80, 1, 0) [0, 1, 83, 1, 1, 24, 2, 1, 83, 1, 1, 24, 2, 1, 83, 1, 1, 24, 2, 1, 83, 1, 1, 24]
(80, 1, 1) [0, 2, 14, 1, 7, 20, 2, 2, 14, 1, 7, 20, 2, 2, 14, 1, 7, 20, 2, 2, 14, 1, 7, 20]
(81, 0, 0) [-1, 4, 2, 4, 2, 1, 2, 35, 1, 3, 2, 4, 2, 1, 2, 35, 1, 3, 2, 4, 2, 1, 2, 35]
(81, 0, 1) [0, 7, 1, 1, 1, 6, 2, 1, 11, 1, 1, 7, 1, 1, 1, 6, 2, 1, 11, 1, 1, 7, 1, 1]
(81, 1, 0) [-1, 1, 3, 2, 13, 7, 6, 2, 4, 2, 13, 7, 6, 2, 4, 2, 13, 7, 6, 2, 4, 2, 13, 7]
(81, 1, 1) [0, 1, 14, 1, 1, 1, 1, 40, 3, 1, 14, 1, 1, 1, 1, 40, 3, 1, 14, 1, 1, 1, 1, 40]
(82, 0, 0) [-1, 1, 1, 1, 6, 2, 34, 3, 1, 1, 2, 1, 6, 2, 34, 3, 1, 1, 2, 1, 6, 2, 34, 3]
(82, 0, 1) [0, 10, 1, 4, 1, 2, 10, 1, 5, 10, 1, 4, 1, 2, 10, 1, 5, 10, 1, 4, 1, 2, 10, 1]
(82, 1, 0) [-1, 1, 1, 3, 6, 1, 1, 1, 9, 1, 2, 2, 2, 3, 6, 1, 1, 1, 9, 1, 2, 2, 2, 3]
(82, 1, 1) [-1, 1, 1, 1, 1, 1, 1, 3, 4, 1, 1, 27, 2, 1, 1, 1, 1, 3, 4, 1, 1, 27, 2, 1]
(83, 0, 0) [-1, 1, 2, 2, 10, 11, 1, 13, 3, 2, 10, 11, 1, 13, 3, 2, 10, 11, 1, 13, 3, 2, 10, 11]
(83, 0, 1) [0, 6, 2, 1, 3, 2, 1, 1, 1, 1, 1, 1, 4, 6, 2, 1, 3, 2, 1, 1, 1, 1, 1, 1]
(83, 1, 0) [0, 2, 1, 1, 1, 1, 1, 1, 1, 3, 1, 2, 17, 2, 1, 1, 1, 1, 1, 1, 1, 3, 1, 2]
(83, 1, 1) [0, 1, 10, 4, 1, 1, 2, 2, 19, 1, 10, 4, 1, 1, 2, 2, 19, 1, 10, 4, 1, 1, 2, 2]
(84, 0, 0) [-1, 2, 15, 1, 1, 7, 7, 3, 1, 1, 15, 1, 1, 7, 7, 3, 1, 1, 15, 1, 1, 7, 7, 3]
(84, 0, 1) [0, 4, 1, 1, 2, 1, 2, 4, 5, 1, 1, 1, 1, 4, 1, 1, 2, 1, 2, 4, 5, 1, 1, 1]
(84, 1, 0) [0, 3, 3, 1, 4, 2, 1, 1, 10, 1, 2, 3, 3, 1, 4, 2, 1, 1, 10, 1, 2, 3, 3, 1]
(84, 1, 1) [0, 1, 1, 1, 4, 1, 1, 2, 1, 11, 9, 1, 1, 1, 4, 1, 1, 2, 1, 11, 9, 1, 1, 1]
(85, 0, 0) [0, 1, 1, 71, 1, 18, 4, 1, 1, 71, 1, 18, 4, 1, 1, 71, 1, 18, 4, 1, 1, 71, 1, 18]
(85, 0, 1) [-1, 1, 2, 1, 1, 1, 14, 1, 3, 18, 3, 1, 1, 1, 14, 1, 3, 18, 3, 1, 1, 1, 14, 1]
(85, 1, 0) [-1, 1, 2, 14, 5, 3, 1, 1, 1, 4, 3, 14, 5, 3, 1, 1, 1, 4, 3, 14, 5, 3, 1, 1]
(85, 1, 1) [-1, 1, 1, 5, 76, 1, 3, 3, 2, 5, 76, 1, 3, 3, 2, 5, 76, 1, 3, 3, 2, 5, 76, 1]
(86, 0, 0) [0, 1, 15, 2, 1, 6, 5, 2, 2, 1, 15, 2, 1, 6, 5, 2, 2, 1, 15, 2, 1, 6, 5, 2]
(86, 0, 1) [0, 2, 2, 7, 1, 20, 2, 2, 2, 2, 2, 7, 1, 20, 2, 2, 2, 2, 2, 7, 1, 20, 2, 2]
(86, 1, 0) [-1, 1, 1, 1, 1, 3, 16, 1, 2, 3, 1, 2, 2, 1, 1, 3, 16, 1, 2, 3, 1, 2, 2, 1]
(86, 1, 1) [0, 4, 12, 14, 2, 1, 5, 4, 12, 14, 2, 1, 5, 4, 12, 14, 2, 1, 5, 4, 12, 14, 2, 1]
(87, 0, 0) [-1, 1, 23, 1, 5, 16, 2, 2, 24, 1, 5, 16, 2, 2, 24, 1, 5, 16, 2, 2, 24, 1, 5, 16]
(87, 0, 1) [0, 4, 5, 1, 23, 2, 2, 1, 2, 4, 5, 1, 23, 2, 2, 1, 2, 4, 5, 1, 23, 2, 2, 1]
(87, 1, 0) [0, 3, 4, 3, 12, 2, 4, 1, 1, 3, 4, 3, 12, 2, 4, 1, 1, 3, 4, 3, 12, 2, 4, 1]
(87, 1, 1) [0, 5, 4, 1, 2, 5, 1, 21, 1, 5, 4, 1, 2, 5, 1, 21, 1, 5, 4, 1, 2, 5, 1, 21]
(88, 0, 0) [0, 1, 1, 3, 5, 12, 1, 6, 3, 1, 1, 3, 5, 12, 1, 6, 3, 1, 1, 3, 5, 12, 1, 6]
(88, 0, 1) [0, 10, 1, 29, 38, 10, 1, 29, 38, 10, 1, 29, 38, 10, 1, 29, 38, 10, 1, 29, 38, 10, 1, 29]
(88, 1, 0) [0, 3, 2, 2, 5, 1, 3, 1, 9, 1, 1, 3, 2, 2, 5, 1, 3, 1, 9, 1, 1, 3, 2, 2]
(88, 1, 1) [-1, 2, 2, 1, 1, 5, 2, 2, 7, 4, 1, 1, 2, 1, 1, 5, 2, 2, 7, 4, 1, 1, 2, 1]
(89, 0, 0) [-1, 3, 27, 1, 14, 3, 1, 1, 1, 2, 27, 1, 14, 3, 1, 1, 1, 2, 27, 1, 14, 3, 1, 1]
(89, 0, 1) [-1, 2, 9, 1, 4, 8, 2, 6, 1, 1, 9, 1, 4, 8, 2, 6, 1, 1, 9, 1, 4, 8, 2, 6]
(89, 1, 0) [0, 5, 2, 1, 5, 1, 9, 2, 5, 5, 2, 1, 5, 1, 9, 2, 5, 5, 2, 1, 5, 1, 9, 2]
(89, 1, 1) [-1, 4, 2, 1, 3, 2, 2, 2, 2, 1, 1, 2, 1, 3, 2, 1, 3, 2, 2, 2, 2, 1, 1, 2]
(90, 0, 0) [0, 34, 1, 31, 3, 1, 2, 34, 1, 31, 3, 1, 2, 34, 1, 31, 3, 1, 2, 34, 1, 31, 3, 1]
(90, 0, 1) [0, 1, 6, 1, 8, 1, 157, 1, 6, 1, 8, 1, 157, 1, 6, 1, 8, 1, 157, 1, 6, 1, 8, 1]
(90, 1, 0) [-1, 1, 1, 4, 1, 175, 1, 5, 2, 4, 1, 175, 1, 5, 2, 4, 1, 175, 1, 5, 2, 4, 1, 175]
(90, 1, 1) [0, 5, 1, 2, 1, 1, 1, 2, 1, 1, 31, 5, 1, 2, 1, 1, 1, 2, 1, 1, 31, 5, 1, 2]
(91, 0, 0) [0, 1, 2, 1, 2, 2, 1, 1, 4, 1, 8, 1, 2, 1, 2, 1, 2, 2, 1, 1, 4, 1, 8, 1]
(91, 0, 1) [-1, 2, 8, 1, 1, 5, 1, 52, 1, 1, 8, 1, 1, 5, 1, 52, 1, 1, 8, 1, 1, 5, 1, 52]
(91, 1, 0) [-1, 2, 2, 3, 1, 1, 1, 2, 1, 7, 1, 5, 1, 1, 2, 3, 1, 1, 1, 2, 1, 7, 1, 5]
(91, 1, 1) [-1, 1, 3, 266, 1, 1, 1, 3, 4, 266, 1, 1, 1, 3, 4, 266, 1, 1, 1, 3, 4, 266, 1, 1]
(92, 0, 0) [-1, 1, 1, 3, 1, 1, 6, 1, 8, 1, 3, 2, 2, 3, 1, 1, 6, 1, 8, 1, 3, 2, 2, 3]
(92, 0, 1) [-1, 21, 28, 1, 1, 9, 1, 20, 28, 1, 1, 9, 1, 20, 28, 1, 1, 9, 1, 20, 28, 1, 1, 9]
(92, 1, 0) [-1, 6, 1, 1, 3, 13, 5, 3, 1, 5, 1, 1, 3, 13, 5, 3, 1, 5, 1, 1, 3, 13, 5, 3]
(92, 1, 1) [0, 2, 5, 3, 3, 1, 1, 3, 1, 3, 2, 2, 5, 3, 3, 1, 1, 3, 1, 3, 2, 2, 5, 3]
(93, 0, 0) [0, 8, 25, 8, 3, 1, 1, 8, 25, 8, 3, 1, 1, 8, 25, 8, 3, 1, 1, 8, 25, 8, 3, 1]
(93, 0, 1) [-1, 4, 1, 1, 2, 10, 1, 1, 1, 15, 1, 3, 1, 1, 2, 10, 1, 1, 1, 15, 1, 3, 1, 1]
(93, 1, 0) [-1, 1, 3, 2, 2, 1, 3, 1, 8, 1, 1, 1, 1, 1, 4, 2, 2, 1, 3, 1, 8, 1, 1, 1]
(93, 1, 1) [-1, 55, 3, 2, 1, 21, 1, 54, 3, 2, 1, 21, 1, 54, 3, 2, 1, 21, 1, 54, 3, 2, 1, 21]
(94, 0, 0) [0, 1, 15, 13, 59, 1, 15, 13, 59, 1, 15, 13, 59, 1, 15, 13, 59, 1, 15, 13, 59, 1, 15, 13]
(94, 0, 1) [0, 1, 18, 2, 1, 5, 37, 1, 18, 2, 1, 5, 37, 1, 18, 2, 1, 5, 37, 1, 18, 2, 1, 5]
(94, 1, 0) [0, 2, 2, 1, 4, 2, 2, 2, 11, 1, 1, 2, 2, 1, 4, 2, 2, 2, 11, 1, 1, 2, 2, 1]
(94, 1, 1) [-1, 1, 4, 1, 6, 1, 3, 1, 3, 14, 5, 1, 6, 1, 3, 1, 3, 14, 5, 1, 6, 1, 3, 1]
(95, 0, 0) [0, 1, 93, 3, 43, 1, 93, 3, 43, 1, 93, 3, 43, 1, 93, 3, 43, 1, 93, 3, 43, 1, 93, 3]
(95, 0, 1) [0, 3, 23, 1, 29, 2, 2, 3, 23, 1, 29, 2, 2, 3, 23, 1, 29, 2, 2, 3, 23, 1, 29, 2]
(95, 1, 0) [0, 1, 18, 15, 8, 1, 3, 1, 18, 15, 8, 1, 3, 1, 18, 15, 8, 1, 3, 1, 18, 15, 8, 1]
(95, 1, 1) [0, 1, 1, 2, 5, 1, 2, 6, 1, 3, 4, 1, 1, 2, 5, 1, 2, 6, 1, 3, 4, 1, 1, 2]
(96, 0, 0) [0, 4, 12, 1, 1, 2, 1, 1, 5, 1, 2, 4, 12, 1, 1, 2, 1, 1, 5, 1, 2, 4, 12, 1]
(96, 0, 1) [-1, 1, 21, 1, 2, 3, 1, 1, 7, 3, 22, 1, 2, 3, 1, 1, 7, 3, 22, 1, 2, 3, 1, 1]
(96, 1, 0) [0, 3, 6, 4, 15, 4, 2, 3, 6, 4, 15, 4, 2, 3, 6, 4, 15, 4, 2, 3, 6, 4, 15, 4]
(96, 1, 1) [0, 2, 10, 2, 1, 1, 114, 2, 10, 2, 1, 1, 114, 2, 10, 2, 1, 1, 114, 2, 10, 2, 1, 1]
(97, 0, 0) [0, 1, 19, 2, 17, 1, 4, 1, 1, 1, 19, 2, 17, 1, 4, 1, 1, 1, 19, 2, 17, 1, 4, 1]
(97, 0, 1) [-1, 2, 1, 1, 1, 2, 4, 1, 4, 4, 1, 3, 1, 1, 1, 1, 1, 2, 4, 1, 4, 4, 1, 3]
(97, 1, 0) [-1, 1, 90, 8, 1, 1, 3, 2, 91, 8, 1, 1, 3, 2, 91, 8, 1, 1, 3, 2, 91, 8, 1, 1]
(97, 1, 1) [-1, 1, 2, 5, 7, 2, 1, 1, 1, 1, 1, 4, 3, 5, 7, 2, 1, 1, 1, 1, 1, 4, 3, 5]
(98, 0, 0) [-1, 1, 1, 6, 3, 1, 1, 131, 2, 6, 3, 1, 1, 131, 2, 6, 3, 1, 1, 131, 2, 6, 3, 1]
(98, 0, 1) [-1, 42, 1, 3, 2, 7, 1, 2, 1, 41, 1, 3, 2, 7, 1, 2, 1, 41, 1, 3, 2, 7, 1, 2]
(98, 1, 0) [0, 5, 1, 659, 3, 5, 1, 659, 3, 5, 1, 659, 3, 5, 1, 659, 3, 5, 1, 659, 3, 5, 1, 659]
(98, 1, 1) [-1, 8, 2, 2, 1, 211, 1, 7, 2, 2, 1, 211, 1, 7, 2, 2, 1, 211, 1, 7, 2, 2, 1, 211]
(99, 0, 0) [0, 1, 1, 1, 10, 3, 6, 1, 1, 1, 1, 1, 1, 1, 1, 1, 10, 3, 6, 1, 1, 1, 1, 1]
(99, 0, 1) [-1, 1, 1, 1, 4, 1, 2, 1, 11, 16, 2, 1, 4, 1, 2, 1, 11, 16, 2, 1, 4, 1, 2, 1]
(99, 1, 0) [-1, 1, 10, 8, 2, 15, 1, 3, 11, 8, 2, 15, 1, 3, 11, 8, 2, 15, 1, 3, 11, 8, 2, 15]
(99, 1, 1) [0, 1, 2, 1, 1, 1, 1, 1, 1, 2, 1, 2, 26, 1, 2, 1, 1, 1, 1, 1, 1, 2, 1, 2]
(100, 0, 0) [-1, 2, 2, 2, 1, 27, 2, 12, 1, 1, 2, 2, 1, 27, 2, 12, 1, 1, 2, 2, 1, 27, 2, 12]
(100, 0, 1) [0, 1, 6, 10, 3, 6, 8, 1, 6, 10, 3, 6, 8, 1, 6, 10, 3, 6, 8, 1, 6, 10, 3, 6]
(100, 1, 0) [0, 140, 2, 2, 8, 1, 1, 140, 2, 2, 8, 1, 1, 140, 2, 2, 8, 1, 1, 140, 2, 2, 8, 1]
(100, 1, 1) [-1, 1, 14, 1, 4, 2, 34, 2, 15, 1, 4, 2, 34, 2, 15, 1, 4, 2, 34, 2, 15, 1, 4, 2]
(101, 0, 0) [0, 8, 94, 5, 3, 8, 94, 5, 3, 8, 94, 5, 3, 8, 94, 5, 3, 8, 94, 5, 3, 8, 94, 5]
(101, 0, 1) [0, 3, 1, 7, 1, 1, 29, 1, 5, 3, 1, 7, 1, 1, 29, 1, 5, 3, 1, 7, 1, 1, 29, 1]
(101, 1, 0) [0, 4, 18, 1, 1, 1, 3, 6, 2, 4, 18, 1, 1, 1, 3, 6, 2, 4, 18, 1, 1, 1, 3, 6]
(101, 1, 1) [-1, 1, 1, 9, 5, 1, 30, 3, 2, 9, 5, 1, 30, 3, 2, 9, 5, 1, 30, 3, 2, 9, 5, 1]
(102, 0, 0) [0, 1, 1, 1, 1, 1, 59, 2, 1, 1, 4, 1, 1, 1, 1, 1, 59, 2, 1, 1, 4, 1, 1, 1]
(102, 0, 1) [-1, 1, 1, 15, 19, 3, 1, 4, 2, 15, 19, 3, 1, 4, 2, 15, 19, 3, 1, 4, 2, 15, 19, 3]
(102, 1, 0) [0, 1, 2, 9, 12, 3, 11, 1, 2, 9, 12, 3, 11, 1, 2, 9, 12, 3, 11, 1, 2, 9, 12, 3]
(102, 1, 1) [-1, 2, 3, 3, 1, 25, 2, 2, 1, 1, 1, 1, 3, 3, 1, 25, 2, 2, 1, 1, 1, 1, 3, 3]
(103, 0, 0) [-1, 1, 2, 1, 3, 1, 19, 2, 1, 10, 3, 1, 3, 1, 19, 2, 1, 10, 3, 1, 3, 1, 19, 2]
(103, 0, 1) [0, 4, 1, 12, 1, 1, 2, 2, 15, 4, 1, 12, 1, 1, 2, 2, 15, 4, 1, 12, 1, 1, 2, 2]
(103, 1, 0) [0, 1, 3, 14, 1, 1, 3, 1, 22, 1, 3, 14, 1, 1, 3, 1, 22, 1, 3, 14, 1, 1, 3, 1]
(103, 1, 1) [0, 2, 3, 6, 2, 1, 2, 2, 3, 1, 2, 2, 3, 6, 2, 1, 2, 2, 3, 1, 2, 2, 3, 6]
(104, 0, 0) [-1, 2, 12, 4, 1, 1, 2, 1, 5, 2, 1, 1, 12, 4, 1, 1, 2, 1, 5, 2, 1, 1, 12, 4]
(104, 0, 1) [0, 2, 2, 4, 24, 3, 7, 2, 2, 4, 24, 3, 7, 2, 2, 4, 24, 3, 7, 2, 2, 4, 24, 3]
(104, 1, 0) [-1, 7, 1, 12, 1, 1, 2, 22, 1, 6, 1, 12, 1, 1, 2, 22, 1, 6, 1, 12, 1, 1, 2, 22]
(104, 1, 1) [0, 1, 4, 3, 1, 3, 1, 3, 1, 1, 4, 1, 1, 1, 4, 3, 1, 3, 1, 3, 1, 1, 4, 1]
(105, 0, 0) [-1, 7, 2, 9, 2, 1, 4, 5, 1, 6, 2, 9, 2, 1, 4, 5, 1, 6, 2, 9, 2, 1, 4, 5]
(105, 0, 1) [0, 2, 3, 2, 1, 8, 2, 1, 7, 1, 1, 2, 3, 2, 1, 8, 2, 1, 7, 1, 1, 2, 3, 2]
(105, 1, 0) [0, 1, 2, 8, 5, 36, 2, 1, 2, 8, 5, 36, 2, 1, 2, 8, 5, 36, 2, 1, 2, 8, 5, 36]
(105, 1, 1) [-1, 1, 1, 6, 1, 1, 1, 8, 2, 15, 2, 6, 1, 1, 1, 8, 2, 15, 2, 6, 1, 1, 1, 8]
(106, 0, 0) [0, 3, 3, 1, 102, 1, 8, 3, 3, 1, 102, 1, 8, 3, 3, 1, 102, 1, 8, 3, 3, 1, 102, 1]
(106, 0, 1) [0, 2, 2, 22, 46, 1, 1, 2, 2, 22, 46, 1, 1, 2, 2, 22, 46, 1, 1, 2, 2, 22, 46, 1]
(106, 1, 0) [-1, 4, 1, 4, 1, 2, 20, 2, 1, 1, 1, 3, 1, 4, 1, 2, 20, 2, 1, 1, 1, 3, 1, 4]
(106, 1, 1) [-1, 2, 1, 1, 8, 1, 2, 1, 1, 7, 1, 3, 1, 1, 1, 1, 8, 1, 2, 1, 1, 7, 1, 3]
(107, 0, 0) [0, 1, 162, 8, 1, 1, 3, 1, 162, 8, 1, 1, 3, 1, 162, 8, 1, 1, 3, 1, 162, 8, 1, 1]
(107, 0, 1) [0, 1, 1, 33, 1, 5, 1, 1, 13, 1, 1, 33, 1, 5, 1, 1, 13, 1, 1, 33, 1, 5, 1, 1]
(107, 1, 0) [-1, 4, 1, 1, 32, 42, 1, 3, 1, 1, 32, 42, 1, 3, 1, 1, 32, 42, 1, 3, 1, 1, 32, 42]
(107, 1, 1) [-1, 1, 3, 3, 2, 1, 1, 171, 4, 3, 2, 1, 1, 171, 4, 3, 2, 1, 1, 171, 4, 3, 2, 1]
(108, 0, 0) [0, 1, 1, 2, 1, 2, 255, 1, 1, 1, 1, 2, 1, 2, 255, 1, 1, 1, 1, 2, 1, 2, 255, 1]
(108, 0, 1) [0, 2, 49, 1, 1, 2, 1, 1, 3, 1, 1, 2, 49, 1, 1, 2, 1, 1, 3, 1, 1, 2, 49, 1]
(108, 1, 0) [-1, 1, 8, 1, 6, 1, 50, 3, 9, 1, 6, 1, 50, 3, 9, 1, 6, 1, 50, 3, 9, 1, 6, 1]
(108, 1, 1) [0, 3, 9, 1, 2, 1, 1, 9, 2, 1, 1, 3, 9, 1, 2, 1, 1, 9, 2, 1, 1, 3, 9, 1]
(109, 0, 0) [-1, 3, 2, 1, 16, 1, 1, 4, 1, 1, 1, 1, 1, 2, 2, 1, 16, 1, 1, 4, 1, 1, 1, 1]
(109, 0, 1) [-1, 3, 2, 6, 2, 1, 3, 23, 1, 2, 2, 6, 2, 1, 3, 23, 1, 2, 2, 6, 2, 1, 3, 23]
(109, 1, 0) [0, 9, 9, 14, 1, 2, 3, 9, 9, 14, 1, 2, 3, 9, 9, 14, 1, 2, 3, 9, 9, 14, 1, 2]
(109, 1, 1) [0, 6, 1, 5, 1, 3, 1, 16, 3, 6, 1, 5, 1, 3, 1, 16, 3, 6, 1, 5, 1, 3, 1, 16]
(110, 0, 0) [-1, 228, 6, 8, 1, 227, 6, 8, 1, 227, 6, 8, 1, 227, 6, 8, 1, 227, 6, 8, 1, 227, 6, 8]
(110, 0, 1) [0, 1, 3, 1, 23, 1, 2, 1, 24, 1, 3, 1, 23, 1, 2, 1, 24, 1, 3, 1, 23, 1, 2, 1]
(110, 1, 0) [-1, 5, 2, 1139, 1, 4, 2, 1139, 1, 4, 2, 1139, 1, 4, 2, 1139, 1, 4, 2, 1139, 1, 4, 2, 1139]
(110, 1, 1) [0, 3, 1, 2, 4, 1, 1, 4, 1, 1, 4, 1, 1, 3, 1, 2, 4, 1, 1, 4, 1, 1, 4, 1]
(111, 0, 0) [0, 1, 8, 358, 3, 1, 8, 358, 3, 1, 8, 358, 3, 1, 8, 358, 3, 1, 8, 358, 3, 1, 8, 358]
(111, 0, 1) [0, 3, 2, 2, 15, 3, 15, 3, 2, 2, 15, 3, 15, 3, 2, 2, 15, 3, 15, 3, 2, 2, 15, 3]
(111, 1, 0) [0, 1, 1, 1791, 3, 1, 1, 1791, 3, 1, 1, 1791, 3, 1, 1, 1791, 3, 1, 1, 1791, 3, 1, 1, 1791]
(111, 1, 1) [0, 3, 1, 6, 2, 1, 2, 2, 6, 1, 2, 3, 1, 6, 2, 1, 2, 2, 6, 1, 2, 3, 1, 6]
(112, 0, 0) [0, 4, 8, 3, 6, 1, 6, 1, 1, 4, 8, 3, 6, 1, 6, 1, 1, 4, 8, 3, 6, 1, 6, 1]
(112, 0, 1) [-1, 2, 1, 1, 9, 3, 1, 4, 2, 5, 1, 1, 1, 1, 9, 3, 1, 4, 2, 5, 1, 1, 1, 1]
(112, 1, 0) [-1, 2, 35, 2, 1, 22, 1, 1, 1, 1, 35, 2, 1, 22, 1, 1, 1, 1, 35, 2, 1, 22, 1, 1]
(112, 1, 1) [-1, 1, 1, 1, 1, 3, 1, 25, 3, 2, 1, 1, 2, 1, 1, 3, 1, 25, 3, 2, 1, 1, 2, 1]
(113, 0, 0) [-1, 1, 161, 1, 2, 4, 1, 4, 162, 1, 2, 4, 1, 4, 162, 1, 2, 4, 1, 4, 162, 1, 2, 4]
(113, 0, 1) [-1, 9, 1, 2, 1, 4, 1, 2, 1, 13, 1, 8, 1, 2, 1, 4, 1, 2, 1, 13, 1, 8, 1, 2]
(113, 1, 0) [0, 1, 4, 3, 5, 1, 31, 1, 2, 1, 4, 3, 5, 1, 31, 1, 2, 1, 4, 3, 5, 1, 31, 1]
(113, 1, 1) [-1, 27, 1, 2, 1, 2, 5, 1, 1, 2, 1, 26, 1, 2, 1, 2, 5, 1, 1, 2, 1, 26, 1, 2]

